"0.0078125","0.015625","0.03125","0.0625","0.125","0.25","0.5"
-0.118,-0.194,-0.006,0,0,0.989,0.999
-0.589,-0.055,-0.012,-0.004,-0.001,0.804,0.999
-0.074,-0.001,-0.024,0,0,0.932,0.998
-0.242,-0.007,-0.009,-0.002,0.04,0.994,0.999
-0.02,0,-0.199,-0.001,-0.049,0.99,0.999
-0.026,-0.004,-0.001,-0.003,-0.001,0.993,0.999
-0.006,-0.452,-0.01,-0.232,-0.091,0.969,0.999
0,-0.004,-0.022,-0.102,-0.002,0.744,0.999
-0.364,-0.009,-0.148,-0.314,-0.001,0.984,0.999
-0.045,-0.095,-0.001,-0.01,-0.003,0.986,0.998
-0.012,-0.655,-0.145,-0.026,-0.001,0.97,0.999
-0.071,-0.016,-0.028,0,0,0.974,0.997
-0.023,-0.001,-0.009,0.002,-0.008,0.987,0.999
-0.24,-0.023,-0.052,-0.005,0,0.975,0.999
0,-0.222,-0.066,-0.001,-0.01,0.996,0.999
-0.073,-0.001,-0.03,-0.007,0,0.938,0.999
-0.11,-0.019,-0.003,-0.004,-0.002,0.949,0.999
-0.104,-0.042,-0.036,-0.043,-0.007,0.971,0.999
-0.237,-0.078,-0.114,-0.001,-0.002,0.975,0.999
-0.06,-0.003,-0.021,0.001,-0.002,0.993,0.999
-0.092,-0.027,-0.002,-0.007,-0.085,0.99,0.998
-0.005,-0.287,-0.431,0,0,0.969,0.999
-0.046,-0.001,-0.006,-0.03,0,0.99,0.999
-0.561,-0.004,-0.005,-0.001,0.038,0.96,0.999
-0.729,-0.033,-0.001,-0.039,0,0.991,0.999
-0.27,-0.039,0.001,-0.006,0,-0.203,0.999
-0.464,-0.11,-0.002,-0.039,0,0.93,0.998
-0.257,-0.107,0,-0.004,-0.018,0.995,0.999
-0.739,-0.043,-0.259,-0.001,0,0.986,0.999
-0.214,-1.243,-0.012,-0.003,-0.002,0.982,0.999
-0.009,-0.013,-0.001,-0.006,-0.004,0.969,0.999
-0.463,-0.039,-0.045,-0.007,-0.001,0.963,0.999
-1.796,-0.817,-0.004,-0.001,0.006,0.898,0.999
0,-0.14,-0.014,-0.058,-0.067,0.97,0.999
-0.059,0,-0.001,-0.002,-0.172,0.993,0.999
-0.912,-0.09,0.006,-0.403,-0.01,0.986,0.998
-0.01,-0.083,-0.338,-0.014,-0.403,0.992,0.999
-0.421,0,-0.025,-0.002,0.006,0.993,0.999
-0.531,-0.916,-0.25,-0.006,-0.001,0.94,0.998
-0.055,-0.012,-0.019,-0.314,0.015,0.979,0.998
-0.57,-0.013,-0.005,-0.009,-0.001,0.926,0.999
-1.048,-0.208,-0.006,-0.091,-0.189,0.995,0.999
-0.068,-0.019,-0.068,-0.005,-0.002,0.979,0.999
-0.089,-0.028,-0.001,0,0.027,0.997,0.999
-0.448,-0.012,0,0,-0.113,0.918,0.999
-0.117,-0.011,-0.044,-0.093,-0.011,0.954,0.998
-0.699,-0.001,-0.001,-0.123,0,-0.002,0.999
-0.181,-0.095,-0.001,-0.01,-0.024,0.994,0.999
-0.01,-0.001,-1.158,-0.001,0,0.989,0.999
-0.357,-0.014,-0.342,0,-0.002,0.8,0.999
-0.972,-0.289,-0.004,0,-0.002,-0.002,0.999
-0.003,-0.255,-0.006,-0.002,0,0.973,0.999
-0.017,-0.036,-0.004,-0.13,0,0.955,0.999
-0.09,-0.336,-0.033,0,-0.002,0.987,0.999
-0.154,-0.01,0,-0.002,-0.014,0.926,0.999
-0.447,-0.001,-0.032,0,-0.001,0.961,0.999
-0.102,-0.143,-0.139,-0.049,-0.001,0.989,0.998
0,-0.066,-0.805,0,0.044,0.935,0.999
0,-0.051,0.002,-0.009,0.003,0.967,0.998
-0.058,-0.031,0,0,-0.03,0.843,0.999
-1.149,-0.026,-0.044,-0.001,0.006,0.992,0.999
-0.001,-0.054,-0.06,0,-0.262,0.973,0.999
-0.438,-0.005,-0.006,-0.01,0.005,0.996,0.999
-0.066,-0.001,-0.001,-0.181,-0.013,0.883,0.999
-0.161,-0.614,-0.042,-0.004,0,0.99,0.999
-0.487,-1.276,-0.003,-0.003,-0.001,0.984,0.999
-0.005,-0.028,0,-0.769,-0.001,0.995,0.999
-0.234,-0.035,-0.016,-0.001,-0.019,0.966,0.999
-0.575,-0.007,-0.002,-0.004,0,0.987,0.999
-0.089,-0.06,-0.129,-0.009,-0.004,0.969,0.998
-0.157,-0.001,-0.006,0,-0.003,0.984,0.999
-0.009,-0.007,-0.006,-0.104,0.012,0.994,0.999
-0.117,0,-0.005,-0.003,-0.002,0.996,0.998
-1.741,-0.022,-0.001,-0.005,-0.001,0.996,0.999
-0.24,-0.025,-0.021,0,0,0.952,0.999
-1.68,-0.001,-0.032,-0.002,-0.001,0.834,0.999
-0.001,-0.008,-0.043,-0.166,-0.005,0.997,0.999
-0.082,-0.703,-0.174,0,-0.001,0.944,0.998
-0.011,-0.555,-0.001,-0.025,0,0.995,0.999
-0.012,-0.703,-0.01,0,0,0.992,0.998
-0.254,-0.768,-0.01,-0.082,0,0.974,0.999
-0.073,-0.031,-0.002,-0.033,-0.441,0.602,0.999
-0.163,0,-0.012,-0.035,-0.104,0.985,0.999
-0.012,-0.005,-0.029,0,0.033,0.993,0.998
-0.03,-0.001,-0.005,-0.005,-0.066,0.987,0.999
-0.127,-0.168,-0.619,-0.002,0,0.799,0.998
-0.144,-0.454,-0.058,-0.001,0.055,0.84,0.999
-0.546,-0.035,-0.004,-0.001,0.019,0.996,0.998
-1.029,-0.053,-0.005,0,-0.001,0.989,0.998
0,-0.163,-0.06,-0.009,0.023,0.956,0.999
-0.229,-0.138,0,0,0.02,0.98,0.999
-0.768,-1.479,0.014,-0.005,-0.001,0.959,0.999
-1.93,-0.004,-0.038,-0.11,-0.001,0.976,0.999
-0.132,-0.101,-0.37,-0.004,0,0.978,0.999
-0.001,-0.035,-0.005,-0.024,-0.001,0.988,0.999
-0.14,-0.047,-0.005,-0.017,-0.002,0.974,0.999
-0.061,-0.004,-0.437,0,0.019,0.966,0.999
-0.221,-0.028,-0.129,-0.001,-0.001,0.975,0.999
-0.942,-0.192,-0.048,-0.208,-0.001,0.935,0.999
-0.003,-0.018,-0.072,-0.004,-0.007,0.949,0.999
-0.476,-0.851,-0.044,-0.001,-0.036,0.993,0.999
-0.014,-0.245,-0.559,-0.062,-0.065,0.905,0.999
-0.084,-0.025,-0.001,0,-0.066,0.991,0.999
-1.141,-0.005,-0.018,0,-0.002,0.985,0.999
-0.053,0,0,0,-0.097,0.996,0.999
-0.187,-0.003,-0.216,-0.461,-0.046,0.955,0.999
-0.006,-0.005,-0.374,-0.056,-0.001,0.987,0.998
0,-0.014,0,-0.001,0.036,0.997,0.999
-0.019,-0.021,-0.012,-0.028,0,0.991,0.999
-1.184,-0.001,0,-0.001,0.009,0.867,0.999
-0.963,-0.006,-0.014,-0.009,0,0.967,0.999
-0.542,-0.03,-0.007,-0.001,0,0.988,0.999
-0.137,-0.002,-0.111,-0.106,-0.018,0.985,0.999
-0.1,-0.006,-0.004,-0.02,-0.181,0.979,0.999
-0.122,-0.128,-0.118,-0.001,-0.001,0.996,0.999
-0.024,-0.001,-0.004,-0.001,0,0.958,0.999
0,-0.876,-0.001,0,0,0.959,0.999
-0.484,-0.527,0,-0.006,0,0.957,0.999
-0.081,-0.116,-0.002,0,0,0.983,0.998
-1.44,-0.045,-0.126,0,-0.249,0.948,0.999
-0.558,-0.002,-0.014,-0.04,0.023,0.966,0.998
-0.052,-0.008,-0.015,-0.001,0.014,0.996,0.999
-0.007,-0.47,-0.094,0,-0.001,0.991,0.999
-0.416,-0.013,-0.001,-0.001,0,0.992,0.999
-0.346,-1.018,-0.006,-0.056,-0.002,0.993,0.999
-0.146,-0.018,-0.007,0,0,0.997,0.999
-1.1,-1.275,-0.001,-0.225,-0.006,0.996,0.999
-0.077,-0.172,0,-0.174,-0.003,0.992,0.998
-0.025,-0.016,0,-0.001,0,0.996,0.998
0,-0.025,-0.005,0,0,0.944,0.998
-0.837,-0.005,-0.001,-0.001,0.005,0.949,0.999
-0.001,-0.109,-0.081,-0.003,-0.001,0.996,0.999
-0.301,-0.115,-0.318,-0.056,-0.001,0.819,0.998
-0.047,-0.039,-0.028,-0.003,0,0.981,0.999
-0.335,-0.003,-0.001,-0.004,-0.122,0.979,0.999
-0.428,-0.25,-0.087,-0.003,0,0.894,0.999
-0.006,-0.068,-0.112,0,-0.009,0.967,0.999
-0.103,-0.126,0,-0.307,0,0.988,0.998
-0.448,-0.972,-0.165,-0.035,-0.002,0.982,0.999
-0.835,-0.001,-0.014,-0.084,0.012,0.996,0.999
-0.028,-0.001,-0.091,-0.003,0,0.938,0.998
-0.096,-0.139,-0.098,-0.001,-0.145,0.99,0.999
-0.17,-0.054,-0.003,0,-0.002,0.863,0.999
-0.934,-0.435,-0.015,-0.064,-0.002,0.426,0.998
0,-0.013,0,-0.008,0,0.978,0.999
-0.28,-0.009,-0.018,-0.001,-0.002,0.983,0.999
-0.007,-0.346,-0.066,-0.128,0.014,0.977,0.998
-0.035,-0.005,0,0,-0.006,0.974,0.999
-0.065,-0.015,-0.891,0,-0.001,0.996,0.998
-0.292,-0.035,-0.006,0,-0.384,0.984,0.999
-0.013,-0.013,-0.036,-0.007,-0.003,0.916,0.999
-0.81,-0.043,-0.004,-0.04,0,0.997,0.999
-0.057,-0.009,-0.183,-0.001,-0.197,0.992,0.999
-0.017,0,-0.001,-0.003,0,0.987,0.999
-0.132,-0.116,-0.133,0,0.005,0.941,0.999
-0.367,-0.039,-0.002,-0.134,-0.047,0.995,0.999
-0.001,0,-0.012,0,0,0.943,0.999
-1.309,-0.232,-0.101,0,-0.007,0.992,0.999
-0.035,-0.001,-0.125,0,0,0.863,0.999
-1.982,-0.988,-0.001,-0.014,-0.002,0.996,0.999
-0.014,-0.231,-0.053,-0.005,-0.059,0.923,0.998
-0.001,-0.025,-0.009,-0.358,0,0.986,0.999
-0.222,-0.03,-0.002,0,-0.002,0.993,0.999
-0.769,-0.109,-0.056,0,0.011,0.802,0.999
-0.002,-0.006,-0.004,-0.017,-0.009,0.987,0.999
-0.052,0,0,-0.012,0.027,0.947,0.999
-0.003,-0.108,-0.028,-0.033,0,0.99,0.999
-0.099,-0.185,-0.008,0,0.011,0.996,0.999
-0.377,-0.013,-0.085,-0.001,-0.039,0.992,0.999
-0.001,-0.034,-0.3,-0.219,-0.081,0.996,0.999
-0.092,-0.01,-0.001,-0.004,0,0.995,0.999
-1.521,-0.054,-0.016,-0.176,-0.001,0.994,0.999
-0.321,-0.22,-0.097,-0.002,0,0.962,0.999
-0.293,-0.244,-0.017,-0.004,0.006,0.987,0.999
-0.649,-0.081,-0.262,-0.02,0.015,0.92,0.999
-0.014,-0.425,-0.285,-0.215,0.032,0.963,0.999
-0.139,-0.005,0,-0.124,0.016,0.997,0.999
-0.003,-0.454,-0.147,-0.481,-0.022,0.995,0.999
-1.4,-0.17,-0.001,-0.381,0,0.995,0.999
-0.424,-0.638,-0.001,-0.004,0.045,0.98,0.999
-0.925,-0.036,-0.043,0,0.031,0.88,0.999
-0.391,0,0,-0.019,-0.002,0.975,0.998
-0.054,0,-0.172,-0.003,0,0.992,0.999
-0.193,-0.002,0,0,-0.039,0.565,0.999
-1.854,-0.002,-0.003,-0.001,0,0.993,0.999
-0.071,-0.003,-0.012,0,-0.01,0.997,0.999
-0.005,-0.072,-0.008,0,-0.02,0.978,0.999
-0.16,-0.005,-0.015,-0.497,-0.001,0.957,0.999
-0.071,-0.31,-0.005,-0.002,0.018,0.997,0.998
-0.106,-0.118,-0.149,-0.004,0.016,0.989,0.999
-0.055,-0.056,-0.002,0,0,0.982,0.999
-0.491,-1.869,-0.007,-0.51,-0.07,0.991,0.999
-0.001,0,-0.009,-0.006,0,0.991,0.999
-1.427,-0.253,-0.006,-0.013,0.005,0.986,0.999
-0.071,-0.032,0,-0.064,0,0.972,0.999
-0.123,-0.046,-0.031,-0.007,-0.222,0.966,0.999
-0.072,-0.042,-0.01,-0.224,-0.003,0.989,0.998
0,-0.023,-0.827,-0.002,0,0.996,0.999
-0.529,-0.022,-0.003,-0.006,-0.015,0.996,0.998
-0.79,-0.014,-0.001,-0.003,0,0.953,0.999
-0.028,-0.32,-0.003,-0.022,0,0.956,0.999
-0.02,-0.002,-0.094,-0.001,-0.002,0.872,0.999
-3.098,-0.099,0,-0.012,-0.005,0.674,0.999
-0.058,0,0,-0.407,-0.179,0.82,0.999
-0.01,-0.06,-0.435,-0.001,-0.017,0.964,0.998
0,-0.016,-0.018,-0.008,-0.004,0.996,0.998
-0.483,-0.185,-0.201,-0.006,-0.023,0.981,0.999
-0.11,-0.024,-0.025,-0.088,-0.005,0.989,0.999
-0.086,-0.014,-0.002,-0.028,-0.051,0.974,0.999
-0.169,-0.019,-0.004,-0.001,-0.094,0.997,0.999
-0.008,-0.036,-0.237,-0.352,-0.015,0.97,0.999
-0.012,-0.226,-0.083,0,0.051,0.967,0.999
-0.064,-0.01,-0.009,-0.001,0.004,0.997,0.999
-0.001,-0.274,-0.063,-0.056,0.026,0.993,0.998
-0.007,-0.099,-0.635,0,-0.107,0.701,0.999
-0.007,-0.024,-0.248,-0.006,-0.004,0.985,0.998
-0.037,-0.646,0,-0.096,0,0.826,0.999
-0.351,0,-0.306,-0.003,-0.001,0.942,0.999
-0.019,-0.295,-0.02,-0.304,-0.29,0.996,0.999
-0.004,-0.343,-0.002,-0.005,0.076,0.97,0.999
-0.288,-0.311,-0.05,0,-0.001,0.977,0.998
-0.196,-0.058,-0.029,0,-0.001,0.846,0.999
-0.369,-0.02,-0.179,-0.001,0,0.977,0.999
-1.606,-0.789,-0.001,-0.002,0,0.975,0.999
-0.318,-0.601,-0.004,-0.001,0,0.996,0.999
-0.216,-0.343,-0.004,0,0,0.997,0.999
-0.038,-0.202,-0.064,0.002,-0.002,0.993,0.999
-0.227,-0.002,-0.008,-0.002,-0.01,0.993,0.999
-0.002,-0.773,0,-0.033,-0.69,0.985,0.999
-0.287,-0.075,-0.017,-0.001,0,0.965,0.999
-0.591,-0.023,0,-0.25,-0.004,0.99,0.999
-0.418,-0.522,-0.003,-0.149,0.036,0.974,0.998
-0.002,-1.09,0,-0.002,-0.001,0.997,0.999
-1.136,-0.012,-0.002,-0.001,-0.198,0.959,0.999
-0.007,-0.003,-0.018,0,0.026,0.995,0.998
-0.084,-0.115,0,-0.001,0.013,0.019,0.999
-0.351,-0.459,0,-0.233,0.01,0.967,0.999
-0.029,0,-0.156,-0.197,-0.139,0.991,0.999
-0.03,-0.038,-0.239,0,-1.038,0.992,0.999
-0.01,-0.015,-0.128,-0.001,-0.016,0.997,0.998
-0.436,-0.033,0.002,-0.009,-0.001,0.996,0.999
-0.001,-0.013,-0.01,-0.073,0,0.712,0.998
-0.032,-0.009,-0.004,-0.001,-0.096,0.996,0.999
-1.75,-0.002,-0.003,0.003,0,0.991,0.999
-0.013,-0.457,-0.023,0,-0.001,0.865,0.999
-0.076,-0.153,-0.001,-0.006,0,0.951,0.998
-0.657,-0.016,-0.312,-0.004,-0.104,0.965,0.998
-0.035,-0.101,-0.043,-0.002,-0.063,0.988,0.998
0,-0.074,-0.047,-0.003,0,0.996,0.999
-0.003,0,-0.003,-0.002,0,0.463,0.999
