n
16
q_list
2 2 2 2 2 2 2 2 2 2 2 2 2 2 2 2
site_combn
1
2
3
4
5
6
7
8
9
10
11
12
13
14
15
16
1 2
1 3
1 4
1 5
1 6
1 7
1 8
1 9
1 10
1 11
1 12
1 13
1 14
1 15
1 16
2 3
2 4
2 5
2 6
2 7
2 8
2 9
2 10
2 11
2 12
2 13
2 14
2 15
2 16
3 4
3 5
3 6
3 7
3 8
3 9
3 10
3 11
3 12
3 13
3 14
3 15
3 16
4 5
4 6
4 7
4 8
4 9
4 10
4 11
4 12
4 13
4 14
4 15
4 16
5 6
5 7
5 8
5 9
5 10
5 11
5 12
5 13
5 14
5 15
5 16
6 7
6 8
6 9
6 10
6 11
6 12
6 13
6 14
6 15
6 16
7 8
7 9
7 10
7 11
7 12
7 13
7 14
7 15
7 16
8 9
8 10
8 11
8 12
8 13
8 14
8 15
8 16
9 10
9 11
9 12
9 13
9 14
9 15
9 16
10 11
10 12
10 13
10 14
10 15
10 16
11 12
11 13
11 14
11 15
11 16
12 13
12 14
12 15
12 16
13 14
13 15
13 16
14 15
14 16
15 16
1 2 3
1 2 4
1 2 5
1 2 6
1 2 7
1 2 8
1 2 9
1 2 10
1 2 11
1 2 12
1 2 13
1 2 14
1 2 15
1 2 16
1 3 4
1 3 5
1 3 6
1 3 7
1 3 8
1 3 9
1 3 10
1 3 11
1 3 12
1 3 13
1 3 14
1 3 15
1 3 16
1 4 5
1 4 6
1 4 7
1 4 8
1 4 9
1 4 10
1 4 11
1 4 12
1 4 13
1 4 14
1 4 15
1 4 16
1 5 6
1 5 7
1 5 8
1 5 9
1 5 10
1 5 11
1 5 12
1 5 13
1 5 14
1 5 15
1 5 16
1 6 7
1 6 8
1 6 9
1 6 10
1 6 11
1 6 12
1 6 13
1 6 14
1 6 15
1 6 16
1 7 8
1 7 9
1 7 10
1 7 11
1 7 12
1 7 13
1 7 14
1 7 15
1 7 16
1 8 9
1 8 10
1 8 11
1 8 12
1 8 13
1 8 14
1 8 15
1 8 16
1 9 10
1 9 11
1 9 12
1 9 13
1 9 14
1 9 15
1 9 16
1 10 11
1 10 12
1 10 13
1 10 14
1 10 15
1 10 16
1 11 12
1 11 13
1 11 14
1 11 15
1 11 16
1 12 13
1 12 14
1 12 15
1 12 16
1 13 14
1 13 15
1 13 16
1 14 15
1 14 16
1 15 16
2 3 4
2 3 5
2 3 6
2 3 7
2 3 8
2 3 9
2 3 10
2 3 11
2 3 12
2 3 13
2 3 14
2 3 15
2 3 16
2 4 5
2 4 6
2 4 7
2 4 8
2 4 9
2 4 10
2 4 11
2 4 12
2 4 13
2 4 14
2 4 15
2 4 16
2 5 6
2 5 7
2 5 8
2 5 9
2 5 10
2 5 11
2 5 12
2 5 13
2 5 14
2 5 15
2 5 16
2 6 7
2 6 8
2 6 9
2 6 10
2 6 11
2 6 12
2 6 13
2 6 14
2 6 15
2 6 16
2 7 8
2 7 9
2 7 10
2 7 11
2 7 12
2 7 13
2 7 14
2 7 15
2 7 16
2 8 9
2 8 10
2 8 11
2 8 12
2 8 13
2 8 14
2 8 15
2 8 16
2 9 10
2 9 11
2 9 12
2 9 13
2 9 14
2 9 15
2 9 16
2 10 11
2 10 12
2 10 13
2 10 14
2 10 15
2 10 16
2 11 12
2 11 13
2 11 14
2 11 15
2 11 16
2 12 13
2 12 14
2 12 15
2 12 16
2 13 14
2 13 15
2 13 16
2 14 15
2 14 16
2 15 16
3 4 5
3 4 6
3 4 7
3 4 8
3 4 9
3 4 10
3 4 11
3 4 12
3 4 13
3 4 14
3 4 15
3 4 16
3 5 6
3 5 7
3 5 8
3 5 9
3 5 10
3 5 11
3 5 12
3 5 13
3 5 14
3 5 15
3 5 16
3 6 7
3 6 8
3 6 9
3 6 10
3 6 11
3 6 12
3 6 13
3 6 14
3 6 15
3 6 16
3 7 8
3 7 9
3 7 10
3 7 11
3 7 12
3 7 13
3 7 14
3 7 15
3 7 16
3 8 9
3 8 10
3 8 11
3 8 12
3 8 13
3 8 14
3 8 15
3 8 16
3 9 10
3 9 11
3 9 12
3 9 13
3 9 14
3 9 15
3 9 16
3 10 11
3 10 12
3 10 13
3 10 14
3 10 15
3 10 16
3 11 12
3 11 13
3 11 14
3 11 15
3 11 16
3 12 13
3 12 14
3 12 15
3 12 16
3 13 14
3 13 15
3 13 16
3 14 15
3 14 16
3 15 16
4 5 6
4 5 7
4 5 8
4 5 9
4 5 10
4 5 11
4 5 12
4 5 13
4 5 14
4 5 15
4 5 16
4 6 7
4 6 8
4 6 9
4 6 10
4 6 11
4 6 12
4 6 13
4 6 14
4 6 15
4 6 16
4 7 8
4 7 9
4 7 10
4 7 11
4 7 12
4 7 13
4 7 14
4 7 15
4 7 16
4 8 9
4 8 10
4 8 11
4 8 12
4 8 13
4 8 14
4 8 15
4 8 16
4 9 10
4 9 11
4 9 12
4 9 13
4 9 14
4 9 15
4 9 16
4 10 11
4 10 12
4 10 13
4 10 14
4 10 15
4 10 16
4 11 12
4 11 13
4 11 14
4 11 15
4 11 16
4 12 13
4 12 14
4 12 15
4 12 16
4 13 14
4 13 15
4 13 16
4 14 15
4 14 16
4 15 16
5 6 7
5 6 8
5 6 9
5 6 10
5 6 11
5 6 12
5 6 13
5 6 14
5 6 15
5 6 16
5 7 8
5 7 9
5 7 10
5 7 11
5 7 12
5 7 13
5 7 14
5 7 15
5 7 16
5 8 9
5 8 10
5 8 11
5 8 12
5 8 13
5 8 14
5 8 15
5 8 16
5 9 10
5 9 11
5 9 12
5 9 13
5 9 14
5 9 15
5 9 16
5 10 11
5 10 12
5 10 13
5 10 14
5 10 15
5 10 16
5 11 12
5 11 13
5 11 14
5 11 15
5 11 16
5 12 13
5 12 14
5 12 15
5 12 16
5 13 14
5 13 15
5 13 16
5 14 15
5 14 16
5 15 16
6 7 8
6 7 9
6 7 10
6 7 11
6 7 12
6 7 13
6 7 14
6 7 15
6 7 16
6 8 9
6 8 10
6 8 11
6 8 12
6 8 13
6 8 14
6 8 15
6 8 16
6 9 10
6 9 11
6 9 12
6 9 13
6 9 14
6 9 15
6 9 16
6 10 11
6 10 12
6 10 13
6 10 14
6 10 15
6 10 16
6 11 12
6 11 13
6 11 14
6 11 15
6 11 16
6 12 13
6 12 14
6 12 15
6 12 16
6 13 14
6 13 15
6 13 16
6 14 15
6 14 16
6 15 16
7 8 9
7 8 10
7 8 11
7 8 12
7 8 13
7 8 14
7 8 15
7 8 16
7 9 10
7 9 11
7 9 12
7 9 13
7 9 14
7 9 15
7 9 16
7 10 11
7 10 12
7 10 13
7 10 14
7 10 15
7 10 16
7 11 12
7 11 13
7 11 14
7 11 15
7 11 16
7 12 13
7 12 14
7 12 15
7 12 16
7 13 14
7 13 15
7 13 16
7 14 15
7 14 16
7 15 16
8 9 10
8 9 11
8 9 12
8 9 13
8 9 14
8 9 15
8 9 16
8 10 11
8 10 12
8 10 13
8 10 14
8 10 15
8 10 16
8 11 12
8 11 13
8 11 14
8 11 15
8 11 16
8 12 13
8 12 14
8 12 15
8 12 16
8 13 14
8 13 15
8 13 16
8 14 15
8 14 16
8 15 16
9 10 11
9 10 12
9 10 13
9 10 14
9 10 15
9 10 16
9 11 12
9 11 13
9 11 14
9 11 15
9 11 16
9 12 13
9 12 14
9 12 15
9 12 16
9 13 14
9 13 15
9 13 16
9 14 15
9 14 16
9 15 16
10 11 12
10 11 13
10 11 14
10 11 15
10 11 16
10 12 13
10 12 14
10 12 15
10 12 16
10 13 14
10 13 15
10 13 16
10 14 15
10 14 16
10 15 16
11 12 13
11 12 14
11 12 15
11 12 16
11 13 14
11 13 15
11 13 16
11 14 15
11 14 16
11 15 16
12 13 14
12 13 15
12 13 16
12 14 15
12 14 16
12 15 16
13 14 15
13 14 16
13 15 16
14 15 16
nonspec_type
2
nonspec_param
5.7499 3.9867
e
0.91303
-0.030638
0.29655
0.8621
0.012559
0.58191
-0.012124
0.49078
0.40735
0.10736
0.3784
1.1826
0.034248
0.0023669
0.016662
-0.02341
0.24865
0.048244
-0.010871
0.0074434
0.010515
0.00084338
-0.0010195
-0.0021859
-0.00060178
-0.00038874
-0.0066231
0.00027326
0
-0.00018149
0.0014385
-0.0086306
-0.048329
-0.019757
-0.063623
0
-0.026317
-0.0088093
-0.0053588
-0.038663
-0.076939
-0.01765
-0.0006374
0.0011945
-0.0079474
0.012447
-0.11565
-0.21175
-0.0092587
-0.085021
-0.057575
-0.0010956
-0.21141
-0.33201
-0.011822
-0.0092712
0.0018414
-0.00071824
0.0093177
0.51921
0.005992
-0.022686
-0.03119
-0.00236
-0.050113
0.014256
-0.0041623
0.0033145
7e-04
-0.0067537
-0.0062432
-0.009439
-0.040165
-0.075291
-0.014883
0.02997
-0.13486
-0.034453
0.0012327
0.0050273
-0.013136
0.0049785
0.002927
0.0059281
0.0015923
0.018738
0.010935
0
0.00090715
0.00026465
0.00078947
-0.0030387
-0.021357
-0.025543
-0.0030162
-0.16476
-0.035182
0.0017726
0.0046935
-0.029423
0.0094814
0.0024778
0.059004
0.16588
-0.014203
-0.016099
0.0041564
0.0066319
0.023376
0.053879
0.028261
-0.017681
0.00083207
-0.0018922
-0.01167
0.0055179
0.092359
0.0023763
-0.0092384
0
0.014058
0.016163
-0.011025
0.0019063
0.0049239
-0.019647
0.0076506
0.0042143
2.6929e-05
-0.023953
-0.005265
-0.0039886
0.017936
0.0022865
-0.0070309
-0.01638
0.10832
0.0066502
-0.0017432
0.0020327
0.0025097
0.0039705
-0.00025146
-0.00012326
0.0047763
0.011647
0.0031329
-0.00043694
-8.321e-05
0.00079318
0.00055135
-0.00015523
0
0.0014906
0.0028359
0.0021555
0.00021782
0
0.0018654
-0.0012457
0.00049352
0.0014516
-0.00084602
-0.0019068
0.003454
0
-0.00067661
0.0028128
0.00092139
-0.0058995
-0.0048347
0.00014368
0.00053238
-0.00029733
-0.00045853
-0.00012691
-0.0014845
-0.0014573
-0.0012064
0.0028398
-0.0043201
0.0022043
0.00015076
0.00046405
-0.00049791
0
-0.0011658
0.0010388
6.2675e-05
0.0031243
0.0012464
-1.9004e-05
0.00039239
-0.00081035
0.00031573
-0.0012711
-2.4885e-06
-5.9475e-05
-0.00048393
0.0050583
0.0066232
0.00065453
0.00066087
-0.0013728
-0.00072887
0.0012648
0
-0.00095653
0.0075696
0
-7.6848e-05
-0.00016558
0.00040265
8.2738e-05
0.00023235
0.0012294
0.0028638
-0.0011534
-0.00043654
-0.00074897
0.0012348
-0.0007055
0.0027541
-0.00054155
0.0017851
0.00026921
-0.00013498
0
2.4942e-05
0
8.9485e-05
-0.0035569
0.001768
-0.00060346
-0.0010468
0.001171
0
0.00025992
0
-0.001332
-0.0010627
0.0024034
-0.017852
-0.024077
-0.0011099
-0.017344
-0.0031497
-0.004105
-0.046176
-0.047308
-0.0053399
0
-0.00061886
-0.0095411
-0.0028799
0.010231
-0.0017545
0.026474
0.0085404
0.0035176
-0.015993
-0.022406
0.001381
0.0017266
0.0011186
0.0030083
0.013123
-0.00099877
0.001399
-0.016096
-0.002986
0.0032648
-0.024282
-0.0037973
0.0013639
0.001665
-0.0068211
0.00044481
0.00098271
0
0.00022554
-0.0029345
-0.0016586
0.0011654
0.0022076
-0.0005789
0
-0.001159
-0.011436
-0.0061715
0.0089787
-0.0035143
-0.0034632
-0.00022864
-0.0017344
-0.0030587
-0.018437
-0.0049987
-0.012254
0.00064972
-0.0024704
-0.0016591
-0.00044772
0.0026725
-0.0070374
0.0020353
0.0025966
-0.0032224
-0.0020285
-0.00095948
-0.0035931
0.0014754
-0.01234
-0.0022504
-0.0009946
0.001193
-0.0019232
0.0019354
-0.00025708
-0.001175
0.0029846
-0.010646
-0.00063831
0.00015226
-0.00097897
0.00080703
6.9818e-06
0.0013664
-0.0026651
0.0011639
-0.00019769
-0.00083021
-0.006486
0.17019
-0.011401
-0.031613
-0.0010484
0.0033507
-0.032481
-0.0058672
-0.0016859
0.0043451
-0.0012242
-0.000412
-0.0008346
-0.0047007
-0.039848
-0.023044
-0.012191
0.067126
-0.05556
-0.01985
-0.00212
0.00078273
-0.0019905
-0.011179
0.0043528
0.0017833
0.0030372
0.003988
-0.0068606
0.0034722
0
0.0011631
0.0028534
0.0031507
-0.02569
-0.0017748
-0.010872
-0.09478
-0.0017381
-0.0036491
-0.00071852
0.0020517
-0.013513
-0.010712
0.051211
-0.037565
-0.0022436
-0.0030401
0.0019471
-0.0018061
-0.0080337
-0.027087
-0.0082091
-0.0060344
-0.00083261
-0.00082585
0.00046332
-0.0030328
-0.10043
-0.010422
0
-0.0053285
-0.0047217
-0.011924
-0.010096
-0.0059812
0
-0.0092487
-0.015534
0.0020423
-0.00087419
-0.0011636
-0.0042677
0.0010125
0.005781
-0.00036655
-0.0044576
-0.00083393
0.0041587
0.01004
0.029959
0.06272
0.0080351
0.021091
0.032451
0.032114
0.0015988
-0.0016693
0.021079
-0.014323
-0.0017589
-0.0012291
0.0014487
-0.001046
0.0048786
0.00049325
-0.001104
0.00044506
-5.5932e-05
0.0012826
0.0096121
0.010384
0
-0.027024
0.0011229
0
0.0018036
0.0028747
0.013172
0.0013791
0.016645
0.019728
-0.0004835
0.0029752
0
0
0.004481
0.0010281
0.0015151
0.0034085
-0.00056275
0.00043628
0.00010511
0
-0.039141
0.0061395
0.00032573
-0.0037987
0.0031729
-0.0020516
0.002741
0.0037353
-0.0046694
0.0050157
-0.0084584
-0.0036404
0.00057755
0.00010059
0.0002841
0.0016891
0.00015833
0.0030668
0.00052194
-0.00011754
0.0026963
-0.001957
0
0.00065532
-0.0065717
-0.0022032
0.00085445
0.002042
-0.00085275
-3.333e-05
0
-0.013627
-0.0025711
0.0081534
-0.027301
-0.008304
0.00075225
-0.0011375
-0.00030394
-0.0073514
-0.0097065
0.013556
-0.0047786
-0.0092174
0.0031124
0
-0.006439
-0.013758
0.0012707
0.00036479
-0.0062863
0.001416
-0.0012569
-0.00050538
-0.0010324
0.047818
0.010214
-0.0017915
0.00063087
0.010231
0.0020959
-0.008111
-0.0059659
0.00067199
0.0020107
-0.012566
0.0017482
-0.0010393
-0.002928
-0.0045107
0
0.0012376
0.0017776
-0.0011022
0
-0.0018947
0.001378
0.00096784
0.00089996
-0.00022174
0.00034428
0.0019483
0.00061679
-0.0021937
-0.0017369
0.0020107
0.0030157
-0.0039068
0.0018497
0.001463
0.00045103
-9.7213e-05
0
0.0013621
-0.0016815
0.0010643
0
0
-0.0011887
0
-0.001826
0.0011181
0.00021325
2.6226e-05
0.0024496
-0.0026597
-0.00035664
0.00047351
5.8539e-05
0.00017718
3.4048e-05
-0.0010261
-0.00022732
0.00082094
9.8302e-05
-0.0004125
0.0011607
-0.0012851
0.00096097
-0.0016618
0.00046319
-0.011626
0.016692
-0.097891
0.0056119
-0.0041106
-0.00031594
0.0010382
-0.0092539
0.014019
-0.017002
-0.0024644
-0.0004879
0.00033418
-0.0044461
-0.0018561
0.040461
0.018082
-0.0046921
0.0024746
0.010447
0.0068431
-0.013628
-0.0034619
0.0010992
-0.0043581
-0.0075387
0.0022634
0.001215
-0.0087092
-0.0067965
0
-0.00092308
0.0011789
0.0011615
0
-0.0053885
0.0072048
-0.027392
-0.010415
-0.0021521
0.0008956
-0.0028286
-0.00021748
0.055194
-0.0067337
0.00064841
-0.0018952
0.0045039
-0.022885
0.0046495
0.0029625
0.0015513
-0.0022348
-0.014601
-0.0031474
-0.00049904
0.001634
-0.00087088
0
-0.0046738
-0.0044384
0.0021666
-9.9018e-05
-0.0052312
-0.016443
0.0084987
0.00096664
0
0.0058629
-0.0032664
0.0011178
0.00021516
0
0.00052481
-0.0045093
-0.0014729
-0.0011231
-0.0054216
-0.0059951
-0.0015554
-0.00060988
0
-0.0033217
-0.0009004
0.003297
0.036133
0.00029464
-0.0011014
0.012474
-0.01214
-0.00061912
-0.000477
0.011512
-0.0044816
-0.00025387
-0.00030799
-0.0022085
0.0012508
0.00065617
-0.0057449
0.0020354
0.0015379
-0.0077919
-0.0062237
-0.00063564
0
-0.0037029
-0.0031264
0.00087619
0
-0.00077464
-0.0013102
0
-0.00064052
-0.0021137
0.0069667
0.00028089
-0.0020256
0.022703
-0.0033928
