n
16
q_list
2 2 2 2 2 2 2 2 2 2 2 2 2 2 2 2
site_combn
1
2
3
4
5
6
7
8
9
10
11
12
13
14
15
16
1 2
1 3
1 4
1 5
1 6
1 7
1 8
1 9
1 10
1 11
1 12
1 13
1 14
1 15
1 16
2 3
2 4
2 5
2 6
2 7
2 8
2 9
2 10
2 11
2 12
2 13
2 14
2 15
2 16
3 4
3 5
3 6
3 7
3 8
3 9
3 10
3 11
3 12
3 13
3 14
3 15
3 16
4 5
4 6
4 7
4 8
4 9
4 10
4 11
4 12
4 13
4 14
4 15
4 16
5 6
5 7
5 8
5 9
5 10
5 11
5 12
5 13
5 14
5 15
5 16
6 7
6 8
6 9
6 10
6 11
6 12
6 13
6 14
6 15
6 16
7 8
7 9
7 10
7 11
7 12
7 13
7 14
7 15
7 16
8 9
8 10
8 11
8 12
8 13
8 14
8 15
8 16
9 10
9 11
9 12
9 13
9 14
9 15
9 16
10 11
10 12
10 13
10 14
10 15
10 16
11 12
11 13
11 14
11 15
11 16
12 13
12 14
12 15
12 16
13 14
13 15
13 16
14 15
14 16
15 16
nonspec_type
2
nonspec_param
5.5392 4.1308
e
1.2226
-0.025046
0.27365
0.82242
0.010838
0.55296
-0.012499
0.44145
0.42261
0.091944
0.40296
1.1269
0.049751
0
0.017048
-0.01991
0.22613
0.051313
-0.012576
0.0054405
0.0088342
0.0010166
0.0020387
-0.00013392
0
-0.00035785
-0.0030487
0.0009229
0
-4.5577e-05
0.00085753
-0.0091257
-0.025219
-0.024389
-0.055183
0
-0.0070203
0.0013516
-0.0025348
-0.027167
-0.04331
-0.013546
0
0.0025664
-0.011696
0.013117
-0.094253
-0.13964
-0.0098356
-0.045774
-0.015346
0.00032003
-0.19692
-0.2422
-0.0036326
-0.0085413
0.0021897
-0.0019222
0.019565
0.54005
0.0052114
-0.022648
-0.015233
0.0020461
-0.04065
-0.01759
-0.0040891
0.0048699
-0.00070292
0
-0.0064656
-0.0091832
-0.013273
-0.037491
-0.0076968
0.084812
-0.08197
-0.026294
0.0023342
0.0046055
-0.0049434
0.0043904
0.0055325
0.0054464
0.001719
0.017527
0.0096572
0.00024733
0.001866
0.00042686
0.0013053
-0.0017974
-0.031109
-0.02501
0.051853
-0.12493
-0.028064
0.00086672
0.0048315
-0.024708
0.0095576
-0.0051366
0.10551
0.21416
-0.0049705
-0.014852
0.0047763
0.0057837
0.017561
0.048414
0.027225
-0.017424
0.00075682
-0.0019691
-0.010468
0.0045597
0.14865
0.020719
-0.00829
0
0.02177
0.016492
0.016241
0.0028244
0.0063905
-0.012195
0.010896
0.0047137
0
-0.025051
-0.0054631
-0.0038351
0.019027
0.00065415
-0.0080269
-0.016078
0.10444
