n
11
q_list
2 2 2 2 2 2 2 2 2 2 2
site_combn
1
2
3
4
5
6
7
8
9
10
11
1 2
1 3
1 4
1 5
1 6
1 7
1 8
1 9
1 10
1 11
2 3
2 4
2 5
2 6
2 7
2 8
2 9
2 10
2 11
3 4
3 5
3 6
3 7
3 8
3 9
3 10
3 11
4 5
4 6
4 7
4 8
4 9
4 10
4 11
5 6
5 7
5 8
5 9
5 10
5 11
6 7
6 8
6 9
6 10
6 11
7 8
7 9
7 10
7 11
8 9
8 10
8 11
9 10
9 11
10 11
nonspec_type
2
nonspec_param
6.795 2.668
e
2.2834
1.6562
1.3935
0.040828
0.26091
0
0.40938
1.1081
0
0.49163
0.21562
0.16671
0.20725
0.011506
0.01298
-0.02709
0.16312
-0.14518
0.12657
0
-0.08342
0.034201
-0.035908
0.050998
-0.011871
0.4032
-0.25432
-0.0039382
-0.041074
0
0.028938
-0.0086246
0
-0.017069
0.030774
0
-0.0078143
-0.019651
-0.027131
0
0.0071274
0
0
0.009887
-0.02213
0.04034
-0.01106
-0.025873
-0.016608
0.033075
0.011813
-0.016431
0.10571
0.094522
0.092284
-0.037028
-0.0081483
0.25734
-0.20982
-0.30012
0
-0.16781
-0.11472
0.037113
0.16904
-0.035384
-0.016577
