n
13
q_list
2 2 2 2 2 2 2 2 2 2 2 2 2
site_combn
1
2
3
4
5
6
7
8
9
10
11
12
13
1 2
1 3
1 4
1 5
1 6
1 7
1 8
1 9
1 10
1 11
1 12
1 13
2 3
2 4
2 5
2 6
2 7
2 8
2 9
2 10
2 11
2 12
2 13
3 4
3 5
3 6
3 7
3 8
3 9
3 10
3 11
3 12
3 13
4 5
4 6
4 7
4 8
4 9
4 10
4 11
4 12
4 13
5 6
5 7
5 8
5 9
5 10
5 11
5 12
5 13
6 7
6 8
6 9
6 10
6 11
6 12
6 13
7 8
7 9
7 10
7 11
7 12
7 13
8 9
8 10
8 11
8 12
8 13
9 10
9 11
9 12
9 13
10 11
10 12
10 13
11 12
11 13
12 13
1 2 3
1 2 4
1 2 5
1 2 6
1 2 7
1 2 8
1 2 9
1 2 10
1 2 11
1 2 12
1 2 13
1 3 4
1 3 5
1 3 6
1 3 7
1 3 8
1 3 9
1 3 10
1 3 11
1 3 12
1 3 13
1 4 5
1 4 6
1 4 7
1 4 8
1 4 9
1 4 10
1 4 11
1 4 12
1 4 13
1 5 6
1 5 7
1 5 8
1 5 9
1 5 10
1 5 11
1 5 12
1 5 13
1 6 7
1 6 8
1 6 9
1 6 10
1 6 11
1 6 12
1 6 13
1 7 8
1 7 9
1 7 10
1 7 11
1 7 12
1 7 13
1 8 9
1 8 10
1 8 11
1 8 12
1 8 13
1 9 10
1 9 11
1 9 12
1 9 13
1 10 11
1 10 12
1 10 13
1 11 12
1 11 13
1 12 13
2 3 4
2 3 5
2 3 6
2 3 7
2 3 8
2 3 9
2 3 10
2 3 11
2 3 12
2 3 13
2 4 5
2 4 6
2 4 7
2 4 8
2 4 9
2 4 10
2 4 11
2 4 12
2 4 13
2 5 6
2 5 7
2 5 8
2 5 9
2 5 10
2 5 11
2 5 12
2 5 13
2 6 7
2 6 8
2 6 9
2 6 10
2 6 11
2 6 12
2 6 13
2 7 8
2 7 9
2 7 10
2 7 11
2 7 12
2 7 13
2 8 9
2 8 10
2 8 11
2 8 12
2 8 13
2 9 10
2 9 11
2 9 12
2 9 13
2 10 11
2 10 12
2 10 13
2 11 12
2 11 13
2 12 13
3 4 5
3 4 6
3 4 7
3 4 8
3 4 9
3 4 10
3 4 11
3 4 12
3 4 13
3 5 6
3 5 7
3 5 8
3 5 9
3 5 10
3 5 11
3 5 12
3 5 13
3 6 7
3 6 8
3 6 9
3 6 10
3 6 11
3 6 12
3 6 13
3 7 8
3 7 9
3 7 10
3 7 11
3 7 12
3 7 13
3 8 9
3 8 10
3 8 11
3 8 12
3 8 13
3 9 10
3 9 11
3 9 12
3 9 13
3 10 11
3 10 12
3 10 13
3 11 12
3 11 13
3 12 13
4 5 6
4 5 7
4 5 8
4 5 9
4 5 10
4 5 11
4 5 12
4 5 13
4 6 7
4 6 8
4 6 9
4 6 10
4 6 11
4 6 12
4 6 13
4 7 8
4 7 9
4 7 10
4 7 11
4 7 12
4 7 13
4 8 9
4 8 10
4 8 11
4 8 12
4 8 13
4 9 10
4 9 11
4 9 12
4 9 13
4 10 11
4 10 12
4 10 13
4 11 12
4 11 13
4 12 13
5 6 7
5 6 8
5 6 9
5 6 10
5 6 11
5 6 12
5 6 13
5 7 8
5 7 9
5 7 10
5 7 11
5 7 12
5 7 13
5 8 9
5 8 10
5 8 11
5 8 12
5 8 13
5 9 10
5 9 11
5 9 12
5 9 13
5 10 11
5 10 12
5 10 13
5 11 12
5 11 13
5 12 13
6 7 8
6 7 9
6 7 10
6 7 11
6 7 12
6 7 13
6 8 9
6 8 10
6 8 11
6 8 12
6 8 13
6 9 10
6 9 11
6 9 12
6 9 13
6 10 11
6 10 12
6 10 13
6 11 12
6 11 13
6 12 13
7 8 9
7 8 10
7 8 11
7 8 12
7 8 13
7 9 10
7 9 11
7 9 12
7 9 13
7 10 11
7 10 12
7 10 13
7 11 12
7 11 13
7 12 13
8 9 10
8 9 11
8 9 12
8 9 13
8 10 11
8 10 12
8 10 13
8 11 12
8 11 13
8 12 13
9 10 11
9 10 12
9 10 13
9 11 12
9 11 13
9 12 13
10 11 12
10 11 13
10 12 13
11 12 13
nonspec_type
2
nonspec_param
0.2501 1.2982
e
-3.2022
0.0089521
-0.18909
0.87512
0.12688
-0.91543
-0.2893
0.042566
0
0
-0.92053
0
-0.06984
-0.005201
0.047691
0
-0.024176
0.02454
-0.16135
-0.047621
0.0038377
0.033448
0
0.0052425
0.017155
0.0097181
-0.20101
0.23772
0
0.44744
0.19428
0.066629
0.023674
0
-0.005575
-0.17047
-0.025541
0.045252
1.5494
0
0.07918
0
0.073083
0.8828
-0.00020414
-0.02309
0
0
-0.23992
-0.063997
-0.0011091
0.018605
-0.001469
-0.0092782
0.020863
0.0056494
0
0.011186
0.044916
0.1312
1.8006
0
-0.020009
0
-0.14117
-0.056861
0.43671
0.062966
0
0.11045
0.014887
-0.0149
-0.031
-0.032874
0
0.031168
0.0055865
-0.055071
-0.022198
0.001277
0.021383
-0.00057055
0.062809
-0.0048524
0.017511
0.0071509
-0.010865
0
0.0025281
0.00080021
0.021676
-0.018682
-0.0027043
-0.00082341
-0.046926
0.08289
0.034666
0.0051755
-0.027844
-0.0091906
0.0039673
-0.038636
0.0012683
0.030603
-0.037642
-0.056919
-0.00086394
0.0063153
0.052968
0
0.01271
-0.010758
-0.0017321
-0.015815
0
0
-0.0048381
0.060231
0.044645
-0.0068779
0.0044046
0.004821
0
0.0012836
-0.0064014
0.018608
0
0.0037692
-0.0066274
0
-0.023073
-0.0058462
0.033404
0.0085655
-0.0010218
0.014862
0
-0.0034464
0.0025792
0.0098976
-0.0059612
0.0050286
0.0020495
0.0097008
0.003468
-0.00026038
0
-0.00075129
-0.0071392
0.012092
0.0035699
-0.0068866
0.00024552
0
-5.2653e-05
0.00080454
0.0046543
0
0.057846
0.26429
0.1296
0.037409
-0.0028307
-0.060571
0
-0.0048093
-0.03998
-0.0014805
-0.080074
0.17055
0.064698
0.0061311
-0.013608
-0.03247
0.0067424
-0.057851
-0.0055345
-0.13019
-0.050722
-0.0037648
0
0.15013
-0.00024797
0.058709
0.010964
0.11465
0.052342
-0.078685
-0.057707
0.0024964
-0.092195
-0.014782
0.010715
0.013526
-0.050338
0
-0.040655
0.0027373
-0.013415
-0.038992
0.0041027
-0.012688
0.0021718
-0.14394
-0.002494
-0.010009
-0.0021458
0.003997
0.035947
0.0010395
0.016823
0.00099928
0.00078359
-0.1338
-0.071912
0.021864
0.025025
0.055676
0
-0.0019614
-0.034535
-0.0059027
0.046711
-0.077427
-0.023437
0
-0.013595
-0.012789
0.066754
0.0097138
-0.033126
-0.026293
0.39928
-0.11163
0.0061131
0.014787
0
0.013131
0.037583
0
0
-0.012035
-0.0044464
0.02072
0
0.0063048
0
-0.0024104
0.26993
0.0021226
-0.013378
-0.0032947
0
0.001123
0
0
0.004348
0.0013321
0
0.0068761
-0.0055316
0.028877
-0.031324
0
-0.0015528
-0.00089659
-0.013318
-0.0019485
0.048567
0.021003
0.00012797
0.0093308
0
-0.0040439
-0.0041969
0.014001
-0.0033858
0.014461
0
0.0063535
0
-0.0027988
0.0068149
0.0013759
0.034214
-0.0031591
0.0023398
-0.015156
0.0057367
0
0.010479
-0.0056848
-0.00046018
0.00093641
0.027026
0
-0.067611
-0.25739
0.0038822
-0.012959
0
-0.0023304
-0.0056372
-0.038269
-0.0018555
-0.00022703
-0.0023567
0
0.030868
-0.010535
-0.0030764
-0.0071012
0.38142
0
-0.0014323
-0.0081742
0
0.033652
0
0.0030979
0
-0.0087611
0
0.0075753
0.0036457
-0.0074981
0.0055751
-0.0026276
-0.072461
-0.041814
0.0012449
0.008466
0.0074503
-0.18128
0.0031374
-0.018491
-0.0065309
0
0
-0.0012377
-0.0052562
0.0033699
-0.0041056
0.016384
0
-0.0020674
0.0011332
0.00040854
0.085167
0.00031631
-0.0074602
0.0041221
0.010353
0
0.01341
0.00037979
-0.011567
0
0.085393
0.0028291
-0.008307
-0.0027859
0.013096
-0.0038652
0
-0.001024
-0.0042887
0.0076643
0.0049708
-0.04865
-0.015797
-0.0012422
-0.0063263
-0.0049081
-0.0015431
0.012107
-0.0053064
0.014356
