n
13
q_list
2 2 2 2 2 2 2 2 2 2 2 2 2
site_combn
1
2
3
4
5
6
7
8
9
10
11
12
13
1 2
1 3
1 4
1 5
1 6
1 7
1 8
1 9
1 10
1 11
1 12
1 13
2 3
2 4
2 5
2 6
2 7
2 8
2 9
2 10
2 11
2 12
2 13
3 4
3 5
3 6
3 7
3 8
3 9
3 10
3 11
3 12
3 13
4 5
4 6
4 7
4 8
4 9
4 10
4 11
4 12
4 13
5 6
5 7
5 8
5 9
5 10
5 11
5 12
5 13
6 7
6 8
6 9
6 10
6 11
6 12
6 13
7 8
7 9
7 10
7 11
7 12
7 13
8 9
8 10
8 11
8 12
8 13
9 10
9 11
9 12
9 13
10 11
10 12
10 13
11 12
11 13
12 13
nonspec_type
2
nonspec_param
0.25891 1.2109
e
-4.8484
0.091027
-0.75689
1.2439
0.39722
-0.52329
0.43156
0.19786
0.032752
-1.2619
-2.4567
0.0028091
-0.17751
-0.019142
0.056859
-0.099117
-0.031411
0.0055608
-0.11195
-0.037921
-0.00029154
-0.023534
0.036425
-0.0046699
0.01584
0.010234
0.26978
0.19672
-0.19716
0.33012
0.17195
0.084533
0.11384
-0.040243
0
-0.14009
-0.025443
-0.22329
2.3546
-0.45815
-0.064714
-0.083855
1.0177
1.3077
-0.0034285
0.072986
0.019831
0.04634
-0.16001
-0.056247
-0.019778
-0.057575
0.052111
-0.0056474
0.024931
0.011473
-0.46244
0.084712
0.1346
0.6729
3.199
0.01066
-0.064832
-0.0038707
-0.095759
-0.030033
0.012838
0.55254
-0.0054809
0.079963
0.015844
-0.027776
-0.097153
-0.056007
0
0.030889
0.0099031
-0.089607
-0.085971
-0.00078494
0.02218
0.0026853
-0.7581
-0.0054715
0.048419
0.011509
-0.012416
-0.0014522
0
0
0.023819
-0.019955
