"ref","1","2","3"
1,-0.228,0.309,-2.556
19914,0.713,-0.15,-0.565
31179,0.726,0.688,0.417
8851,0.553,0.64,-1.049
2061,0.672,0.165,-0.927
605,0.592,-0.385,-1.123
22081,0.697,0.319,-1.107
7688,0.735,0.504,-0.464
29972,0.651,0.548,-0.065
7398,-0.187,-0.268,-1.066
8925,0.731,0.37,-1.068
20933,0.781,-2.812,-0.517
29968,0.791,0.339,-0.492
7279,0.805,0.465,-1.895
26646,0.751,0.404,0.169
5475,0.596,0.67,-0.848
14699,0.556,-0.582,-1.104
22231,0.792,-0.246,-0.461
29259,0.673,0.349,-1.556
31029,0.66,0.386,-3.559
8203,0.693,-0.598,-1.912
3081,0.691,0.662,-0.393
17226,0.421,0.774,0.439
8184,0.717,0.735,-0.069
1951,0.464,-0.368,-1.611
29813,0.704,0.568,-1.027
14273,0.78,0.542,-0.655
19450,0.557,0.374,-4.959
24813,0.569,0.678,-0.011
23613,0.701,0.548,-0.4
21197,0.718,0.552,-1.441
7246,0.722,0.57,-1.899
28298,0.551,-0.079,-3.969
32310,0.521,0.293,-2.759
26684,0.617,-0.977,-1.165
12631,0.727,0.693,-1.119
22813,0.717,0.525,-0.14
32158,0.302,0.575,-1.097
19764,0.416,0.281,-2.178
14816,0.781,0.641,0.15
16801,0.43,-0.216,-3.295
25567,0.629,-0.718,-0.163
22362,0.799,-0.323,-0.056
32300,0.704,0.109,-0.35
5788,0.766,0.72,-0.4
17884,0.668,0.533,-1.193
2458,0.688,0.447,-0.738
31335,0.675,0.392,-3.268
6176,0.645,0.499,-0.491
17688,0.156,0.52,-2.257
4,0.792,0.583,-0.756
27843,0.596,-0.481,-0.619
5631,0.724,-2.075,-0.365
32559,0.686,0.534,-5.208
20167,0.643,-0.374,-4.437
25004,0.725,0.542,0.598
22002,0.706,0.737,0.246
31176,0.64,0.616,-0.832
14722,0.655,0.56,-0.086
8860,0.676,0.459,-1.95
25258,0.413,-0.085,-0.71
25230,0.688,-0.314,-0.743
11182,0.594,0.472,-1.421
22764,0.597,-0.473,-1.574
11160,0.38,0.252,-1.764
2543,0.708,0.043,-1.397
116,0.788,0.095,-0.745
5517,0.67,-0.408,-0.596
29426,0.555,0.271,-0.627
1278,0.795,-1.013,0.079
32502,0.122,0.048,-2.963
14204,0.654,0.068,-1.433
16477,0.67,0.134,-2.684
23299,0.759,0.661,-0.264
10130,0.739,-0.777,-0.715
2230,0.408,-0.386,-1.57
25401,0.818,0.564,-0.17
21785,0.53,0.611,-0.773
1219,0.751,0.715,-0.508
22293,0.755,0.025,-0.598
9564,0.515,0.475,-2.11
13530,0.631,0.066,-0.325
25035,0.772,0.658,-1.077
12807,0.747,0.323,-0.895
28116,0.735,-0.106,0.511
23340,0.668,0.268,-0.641
8952,0.63,0.632,-0.394
27004,-0.061,-1.206,-2.971
5728,0.327,0.488,-0.55
8617,0.543,0.567,-0.674
30566,0.773,0.423,-1.101
30934,0.672,0.305,-0.235
28695,0.737,0.051,-0.036
1351,0.546,-0.225,-0.45
18077,0.816,0.186,-0.027
9937,0.609,0.169,-2.6
4289,0.734,0.338,-0.597
8972,0.79,-0.012,-0.724
17791,0.689,-0.541,-1.862
21100,0.727,0.693,-0.165
31738,0.678,0.41,-0.295
2057,0.439,0.45,-1.426
3992,0.673,-1.581,-0.903
17264,0.292,-0.988,-3.251
3017,0.5,-0.552,0.075
4791,0.724,0.241,-0.626
21647,0.76,-1.042,0.513
20377,0.721,-0.122,-0.236
292,0.532,0.24,-1.102
2849,0.666,0.418,-1.606
3979,0.376,0.152,-3.278
29748,0.662,-1.052,-1.542
15086,0.602,0.373,-0.689
19981,0.741,0.423,0.076
30709,0.569,-1.142,-0.328
14539,0.646,0.373,-0.749
10288,0.524,-0.419,0.036
19361,0.702,0.304,-0.501
16453,0.776,-0.232,-0.347
836,0.424,-0.626,-2.515
1535,0.742,0.741,-0.025
27942,0.731,-0.321,-0.116
10411,0.63,0.299,-1.843
1778,0.416,-0.711,-0.853
24595,0.591,0.655,-0.394
32362,0.674,0.121,-6.485
5146,0.67,0.6,-3.439
7608,0.333,-0.202,-3.313
13874,0.756,0.483,-0.985
1189,0.719,0.175,-3.708
22303,0.676,0.423,-0.58
23622,0.676,-0.888,-0.697
22423,0.794,0.642,-0.23
19329,0.598,0.345,-3.873
9859,0.773,0.538,-0.404
4895,0.713,0.312,-0.778
15645,0.7,0.087,-0.289
20467,0.67,0.586,-0.999
19437,0.681,0.218,-0.562
5480,0.458,0.328,-0.467
20351,0.777,0.619,-0.421
6614,0.411,0.129,-1.745
16335,0.708,-0.105,-0.315
10671,0.255,-0.611,-3.839
7833,0.767,0.101,0.389
11874,0.692,-1.695,-0.187
21410,0.733,0.346,-0.127
29691,0.811,0.669,-2.517
22212,0.723,0.09,-1.951
8338,0.748,0.569,-0.219
29009,0.72,0.635,-0.158
13886,0.724,0.064,-0.47
2999,0.705,0.401,-0.666
11675,0.679,-0.035,-0.108
1777,0.392,0.335,-1.017
31097,0.675,0.414,-3.616
30067,0.718,0.514,-0.179
26986,0.735,0.373,-1.514
24630,0.697,0.74,0.433
587,0.731,0.513,-0.315
23708,0.738,0.311,0.012
8228,0.171,0.23,-0.754
3338,0.508,0.506,-4.505
30135,0.637,0.408,-0.981
28806,0.577,0.617,-1.412
10269,0.745,0.232,-1.331
8813,0.501,0.182,-1.004
13227,0.689,0.515,-1.165
2393,0.73,0.079,-1.59
7381,0.445,0.471,-0.317
17357,0.609,0.384,-1.705
22534,0.726,0.162,-1.169
18795,0.728,0.148,-0.361
10201,0.185,-1.102,-2.22
22344,0.716,0.266,-0.214
18389,0.714,0.362,-1.309
5620,0.74,0.447,-2.136
31390,0.083,0.336,-0.375
10796,0.498,-0.253,-1.656
2590,0.498,0.039,-3.115
21510,0.566,0.409,0.016
9021,0.644,-0.065,-0.513
279,0.472,-0.059,-1.667
11464,0.436,0.457,-2.769
4045,0.703,0.505,-0.887
1898,0.534,0.124,-0.251
7908,0.559,-0.102,-5.129
1796,0.675,0.693,-3.908
19330,0.58,0.606,-0.383
17001,0.764,0.616,-0.612
19403,0.714,0.542,0.061
27132,0.505,-1.825,-1.095
20138,0.848,0.647,-3.29
15187,0.487,-0.102,-1.486
14035,NA,NA,NA
12264,0.697,0.489,0.128
26940,0.386,-0.398,-2.165
29278,0.525,0.634,-2.313
4169,0.732,0.383,-1.04
12146,0.658,0.425,-2.087
1895,0.658,0.274,-1.855
22445,0.728,0.614,0.105
24908,0.583,0.774,0.504
31696,0.747,0.626,-0.919
15611,0.521,0.327,-0.545
10747,0.677,0.48,-1.192
18632,0.643,0.542,-2.581
2767,0.677,0.184,-0.508
9717,0.712,0.474,-0.78
14770,0.553,0.21,-6.017
14205,0.669,0.679,-0.694
12962,0.778,0.555,-0.612
25744,-0.366,0.704,-5.333
14294,0.702,0.03,-0.552
26419,0.633,-0.319,-1.454
19490,0.699,0.286,-1.725
25133,0.62,0.768,0.272
29331,0.506,0.712,-0.358
1483,0.817,0.336,-0.193
11434,0.684,0.226,-1.518
27684,0.756,0.36,-1.332
22847,0.697,0.305,0.221
6251,0.794,-0.302,-0.388
14529,0.597,0.053,-1.004
14189,0.562,0,-1.765
10878,0.742,0.107,-0.895
22848,0.673,0.773,0.171
10249,0.361,0.237,-2.151
15726,0.805,0.668,-4.305
5584,0.179,0.104,-2.14
801,-0.508,0.173,-2.541
30697,0.71,0.353,-0.297
31140,0.767,0.622,-0.734
19200,0.44,0.112,-0.697
7989,0.483,-0.632,-2.392
20707,0.623,0.539,-0.609
2172,0.695,0.225,-0.249
21789,0.73,-0.206,-2.378
10688,0.507,0.472,-1.254
21338,0.722,0.585,0.07
27911,0.778,-0.697,-0.006
7029,0.547,-1.476,-0.766
19297,0.644,-0.311,-1.754
20625,0.553,0.18,-0.619
6270,0.756,0.511,-0.909
8554,0.621,0.415,-1.792
22838,0.687,0.369,-0.221
20695,0.717,-0.144,0.005
8294,0.743,0.278,-0.61
16276,0.676,-0.019,-0.916
10099,0.738,-1.335,-0.739
14940,0.604,0.558,-0.032
17186,0.571,0.517,0.495
19319,0.734,0.567,-0.873
24409,0.57,0.555,-0.708
20603,0.713,0.505,-1.072
1391,NA,NA,NA
3361,0.644,-1.97,-0.617
1082,0.422,-6.675,-0.089
31803,0.591,-0.124,-1.445
19669,0.572,0.547,-2.436
1672,0.416,0.159,-2.029
26937,0.479,0.555,0.296
5540,0.568,0.157,-1.887
17972,0.35,0.184,-1.782
20198,0.717,0.152,-4.091
14415,0.822,0.405,0.375
22555,0.383,0.656,-1.203
16164,0.648,0.148,-0.549
28312,0.613,0.025,-2.001
9599,0.567,-0.6,0.401
27240,0.648,0.562,-1.24
12346,0.781,-0.466,-0.647
14745,0.048,-0.215,-2.093
17581,0.561,0.505,-2.496
24895,0.645,0.481,-1.976
18008,0.681,0.528,-0.317
23914,0.499,-0.575,-2.411
23256,0.52,0.168,-0.31
9469,0.475,-0.097,-1.285
13438,0.787,-7.236,0.457
152,0.719,0.767,0.213
24155,0.779,0.616,-0.221
27794,0.589,0.509,-1.031
5957,0.657,0.125,-0.885
4185,0.667,0.299,-0.765
28772,0.544,0.373,-1.172
8806,0.791,0.481,-0.826
2661,0.675,0.622,-0.04
20175,0.816,0.324,-0.78
16530,0.735,0.273,-0.787
16299,0.767,0.707,0.289
30293,0.465,0.217,-1.342
31139,0.472,0.62,-0.487
12383,0.469,0.751,-0.592
12131,0.608,-0.146,-2.483
1716,0.799,0.62,-2.735
16491,0.714,0.673,0.126
19558,0.785,0.593,-0.146
10961,0.691,0.121,-2.113
4150,0.808,0.697,-4.772
29364,0.525,0.611,-0.114
14243,0.759,0.556,-0.903
17391,0.254,-0.172,-0.698
30578,0.785,0.637,-0.722
30770,0.746,0.569,0.345
14185,0.652,-2.171,-0.639
880,0.629,0.512,-0.395
22103,0.746,0.244,-1.614
12370,0.756,0.368,-1.449
20956,0.759,0.633,-0.748
184,0.708,0.781,0.034
4073,0.756,0.383,-2.248
7430,0.582,0.561,-1.479
8095,-0.036,0.167,-1.706
16010,0.716,0.032,-1.281
17356,0.753,-0.378,0.147
9735,0.771,0.555,-0.094
687,0.75,0.604,-0.247
13938,0.731,0.788,-0.381
558,0.719,0.384,-0.45
15481,0.657,0.164,-1.841
4549,0.624,0.222,-1.525
23653,0.648,0.275,-1.678
32040,0.681,0.268,-0.938
28006,0.797,-1.256,-0.529
19529,0.744,0.503,-0.406
11212,0.688,-0.269,-1.833
6622,0.762,0.085,-0.459
20076,0.491,0.495,-2.643
21613,0.722,0.069,-0.714
13909,0.871,0.588,0.143
1460,0.55,-1.204,0.076
26833,0.679,0.507,-1.661
23385,0.795,-0.254,-1.565
17046,0.037,0.348,-1.009
3929,0.183,-3.849,-0.357
21110,0.634,0.679,-0.041
7455,0.377,0.498,-2.5
30955,0.555,-0.432,-0.739
12547,0.703,-1.722,-1.042
29000,0.78,0.458,-0.842
1213,0.729,0.039,-0.166
27247,0.373,0.063,-1.672
12021,0.716,0.584,-0.591
24100,0.628,-0.443,-1.306
20004,0.458,0.732,-1.166
27530,NA,NA,NA
27741,0.517,0.648,-1.211
29605,0.544,0.265,-5.194
826,-2.315,0.467,-7.286
15977,0.695,0.334,-0.163
5634,0.701,-0.237,-0.427
6704,0.749,0.489,-0.95
905,0.766,0.705,-0.525
5349,0.461,0.31,-0.438
2263,0.788,0.567,-1.367
28529,0.734,0.336,-1.033
32150,0.71,0.366,-1.502
27530,NA,NA,NA
6235,0.828,0.351,-0.515
19919,0.637,-1.886,-0.244
5391,0.5,0.111,-5.148
14473,0.732,0.611,-0.051
24379,0.69,0.193,-0.909
1224,0.727,0.431,-1.995
4271,0.414,0.732,0.31
11203,0.658,0.116,-3.487
31126,0.765,0.652,-0.028
2064,0.797,0.569,-2.003
18815,0.701,-0.083,-2.008
29468,0.652,0.629,0.482
22182,0.628,-1.409,-0.855
7530,0.564,0.571,-0.779
16278,0.1,0.588,0.306
26527,0.688,0.524,-0.689
15489,0.451,-6.004,0.493
25941,0.741,0.219,-0.858
9093,0.53,0.068,-2.025
30711,0.618,0.342,-0.039
19420,0.717,0.343,0.279
25611,NA,NA,NA
9433,0.535,0.409,-0.424
14560,0.626,0.501,-1.116
22527,0.793,0.749,0.419
5152,0.729,0.215,-0.877
10328,0.767,0.32,-1.566
4681,0.694,0.526,0.021
4537,0.617,-0.223,-1.442
877,0.68,0.405,-1.751
3485,0.713,-0.347,-0.614
8397,0.677,0.21,-4.655
11129,0.598,-1.094,-2.343
28835,0.56,0.079,-0.338
1753,0.732,0.717,-0.624
24714,0.441,0.409,-2.491
11307,0.672,-0.564,-0.775
18230,0.683,0.668,-0.599
3944,0.647,-0.533,-3.207
23508,0.7,-3.064,-0.603
6021,0.672,-0.711,-1.273
2823,0.666,0.09,-1.187
14791,0.727,0.187,-0.308
18664,0.595,-1.793,-0.926
9171,0.749,0.665,-0.799
28146,0.75,0.553,-0.151
22942,0.768,0.326,-2.967
26106,0.285,0.549,-0.794
27630,0.7,0.388,-1.3
15588,0.735,0.048,-1.03
30785,0.471,0.618,-1.503
23975,0.638,0.009,-1.748
17666,0.574,0.401,-0.642
27421,0.755,0.415,-0.274
9759,0.747,-4.505,-0.185
3708,0.658,0.02,-1.911
23709,0.714,0.516,-1.802
30456,0.646,-0.052,-0.529
26762,0.673,0.693,-2.142
13736,0.741,-0.148,-1.382
16737,0.436,0.54,-0.307
27409,0.617,-0.203,-1.81
18183,0.422,-0.56,-1.443
16707,0.621,0.535,-0.62
655,0.714,0.698,0.71
25814,NA,NA,NA
27509,0.791,0.313,-0.965
4641,0.737,0.573,-0.318
2526,0.349,-0.986,-0.854
8589,0.801,0.127,-1.007
10364,0.767,0.635,0.156
24860,0.748,0.71,-0.455
3908,0.562,0.546,-0.779
17996,0.805,0.564,-0.771
26627,0.777,0.244,-0.497
12199,0.764,0.413,-0.895
3620,0.591,-0.051,-0.906
27038,0.806,0.595,-0.803
21150,-0.342,0.02,-1.46
17609,0.797,0.534,0.006
27562,0.722,0.818,-1.877
25293,0.561,0.621,-0.24
532,0.78,0.472,-0.749
24723,0.69,-0.635,-0.538
12480,0.546,-0.56,-1.815
4999,0.785,0.017,-0.277
658,0.814,0.538,-0.349
10538,0.437,0.277,-0.602
20248,0.612,-0.807,-1.055
17794,0.69,0.198,-4.971
11829,0.773,0.541,-0.573
2018,0.742,-0.249,-0.91
8206,0.673,-0.241,-0.424
11532,0.579,0.051,-2.96
19989,0.564,-1.981,-2.054
6960,0.596,-0.025,-1.893
25394,0.701,0.453,-0.954
3216,0.495,0.389,-2.189
17746,0.577,-0.617,-0.299
16685,0.615,-4.772,0.262
8456,0.615,0.63,0.07
9794,0.718,0.423,0.116
17579,0.228,0.07,-5.063
5164,0.769,-0.338,-0.328
12558,0.633,0.699,-0.86
14174,0.524,0.227,-2.872
31739,0.59,-1.331,-1.509
17795,0.582,-0.92,0.25
25568,0.539,0.331,-1.259
26957,0.537,0.384,-1.683
29868,0.529,0.734,-1.067
18590,0.696,0.514,-1.086
23502,0.78,0.404,-2.572
6716,0.709,0.71,-2.166
18038,0.763,0.58,-0.573
30572,0.717,0.118,-1.64
30782,0.563,0.217,0.066
1704,0.647,0.391,-2.049
1147,0.302,-1.229,-1.673
17754,0.493,0.728,-8.884
5955,0.698,0.098,-1.905
9677,0.734,0.63,-0.433
4979,0.449,-0.325,-1.483
25733,0.583,0.548,-3.429
14949,0.783,0.276,-0.984
6765,0.801,0.726,-0.976
18692,0.307,0.382,-1.022
25913,0.662,0.529,-0.954
10920,0.485,0.21,-2.05
29438,0.716,0.487,-1.792
1708,0.763,0.326,-0.918
29767,0.396,-1.7,-1.173
19808,0.476,0.469,-0.122
5391,0.5,0.111,-5.148
27084,0.58,-0.419,-0.926
17292,0.734,0.285,-1.307
4035,0.555,0.239,0.239
13998,0.41,0.681,-4.135
21678,NA,NA,NA
21115,0.618,0.686,-0.051
15548,0.598,0.507,-1.993
