n
15
q_list
2 2 2 2 2 2 2 2 2 2 2 2 2 2 2
site_combn
1
2
3
4
5
6
7
8
9
10
11
12
13
14
15
1 2
1 3
1 4
1 5
1 6
1 7
1 8
1 9
1 10
1 11
1 12
1 13
1 14
1 15
2 3
2 4
2 5
2 6
2 7
2 8
2 9
2 10
2 11
2 12
2 13
2 14
2 15
3 4
3 5
3 6
3 7
3 8
3 9
3 10
3 11
3 12
3 13
3 14
3 15
4 5
4 6
4 7
4 8
4 9
4 10
4 11
4 12
4 13
4 14
4 15
5 6
5 7
5 8
5 9
5 10
5 11
5 12
5 13
5 14
5 15
6 7
6 8
6 9
6 10
6 11
6 12
6 13
6 14
6 15
7 8
7 9
7 10
7 11
7 12
7 13
7 14
7 15
8 9
8 10
8 11
8 12
8 13
8 14
8 15
9 10
9 11
9 12
9 13
9 14
9 15
10 11
10 12
10 13
10 14
10 15
11 12
11 13
11 14
11 15
12 13
12 14
12 15
13 14
13 15
14 15
1 2 3
1 2 4
1 2 5
1 2 6
1 2 7
1 2 8
1 2 9
1 2 10
1 2 11
1 2 12
1 2 13
1 2 14
1 2 15
1 3 4
1 3 5
1 3 6
1 3 7
1 3 8
1 3 9
1 3 10
1 3 11
1 3 12
1 3 13
1 3 14
1 3 15
1 4 5
1 4 6
1 4 7
1 4 8
1 4 9
1 4 10
1 4 11
1 4 12
1 4 13
1 4 14
1 4 15
1 5 6
1 5 7
1 5 8
1 5 9
1 5 10
1 5 11
1 5 12
1 5 13
1 5 14
1 5 15
1 6 7
1 6 8
1 6 9
1 6 10
1 6 11
1 6 12
1 6 13
1 6 14
1 6 15
1 7 8
1 7 9
1 7 10
1 7 11
1 7 12
1 7 13
1 7 14
1 7 15
1 8 9
1 8 10
1 8 11
1 8 12
1 8 13
1 8 14
1 8 15
1 9 10
1 9 11
1 9 12
1 9 13
1 9 14
1 9 15
1 10 11
1 10 12
1 10 13
1 10 14
1 10 15
1 11 12
1 11 13
1 11 14
1 11 15
1 12 13
1 12 14
1 12 15
1 13 14
1 13 15
1 14 15
2 3 4
2 3 5
2 3 6
2 3 7
2 3 8
2 3 9
2 3 10
2 3 11
2 3 12
2 3 13
2 3 14
2 3 15
2 4 5
2 4 6
2 4 7
2 4 8
2 4 9
2 4 10
2 4 11
2 4 12
2 4 13
2 4 14
2 4 15
2 5 6
2 5 7
2 5 8
2 5 9
2 5 10
2 5 11
2 5 12
2 5 13
2 5 14
2 5 15
2 6 7
2 6 8
2 6 9
2 6 10
2 6 11
2 6 12
2 6 13
2 6 14
2 6 15
2 7 8
2 7 9
2 7 10
2 7 11
2 7 12
2 7 13
2 7 14
2 7 15
2 8 9
2 8 10
2 8 11
2 8 12
2 8 13
2 8 14
2 8 15
2 9 10
2 9 11
2 9 12
2 9 13
2 9 14
2 9 15
2 10 11
2 10 12
2 10 13
2 10 14
2 10 15
2 11 12
2 11 13
2 11 14
2 11 15
2 12 13
2 12 14
2 12 15
2 13 14
2 13 15
2 14 15
3 4 5
3 4 6
3 4 7
3 4 8
3 4 9
3 4 10
3 4 11
3 4 12
3 4 13
3 4 14
3 4 15
3 5 6
3 5 7
3 5 8
3 5 9
3 5 10
3 5 11
3 5 12
3 5 13
3 5 14
3 5 15
3 6 7
3 6 8
3 6 9
3 6 10
3 6 11
3 6 12
3 6 13
3 6 14
3 6 15
3 7 8
3 7 9
3 7 10
3 7 11
3 7 12
3 7 13
3 7 14
3 7 15
3 8 9
3 8 10
3 8 11
3 8 12
3 8 13
3 8 14
3 8 15
3 9 10
3 9 11
3 9 12
3 9 13
3 9 14
3 9 15
3 10 11
3 10 12
3 10 13
3 10 14
3 10 15
3 11 12
3 11 13
3 11 14
3 11 15
3 12 13
3 12 14
3 12 15
3 13 14
3 13 15
3 14 15
4 5 6
4 5 7
4 5 8
4 5 9
4 5 10
4 5 11
4 5 12
4 5 13
4 5 14
4 5 15
4 6 7
4 6 8
4 6 9
4 6 10
4 6 11
4 6 12
4 6 13
4 6 14
4 6 15
4 7 8
4 7 9
4 7 10
4 7 11
4 7 12
4 7 13
4 7 14
4 7 15
4 8 9
4 8 10
4 8 11
4 8 12
4 8 13
4 8 14
4 8 15
4 9 10
4 9 11
4 9 12
4 9 13
4 9 14
4 9 15
4 10 11
4 10 12
4 10 13
4 10 14
4 10 15
4 11 12
4 11 13
4 11 14
4 11 15
4 12 13
4 12 14
4 12 15
4 13 14
4 13 15
4 14 15
5 6 7
5 6 8
5 6 9
5 6 10
5 6 11
5 6 12
5 6 13
5 6 14
5 6 15
5 7 8
5 7 9
5 7 10
5 7 11
5 7 12
5 7 13
5 7 14
5 7 15
5 8 9
5 8 10
5 8 11
5 8 12
5 8 13
5 8 14
5 8 15
5 9 10
5 9 11
5 9 12
5 9 13
5 9 14
5 9 15
5 10 11
5 10 12
5 10 13
5 10 14
5 10 15
5 11 12
5 11 13
5 11 14
5 11 15
5 12 13
5 12 14
5 12 15
5 13 14
5 13 15
5 14 15
6 7 8
6 7 9
6 7 10
6 7 11
6 7 12
6 7 13
6 7 14
6 7 15
6 8 9
6 8 10
6 8 11
6 8 12
6 8 13
6 8 14
6 8 15
6 9 10
6 9 11
6 9 12
6 9 13
6 9 14
6 9 15
6 10 11
6 10 12
6 10 13
6 10 14
6 10 15
6 11 12
6 11 13
6 11 14
6 11 15
6 12 13
6 12 14
6 12 15
6 13 14
6 13 15
6 14 15
7 8 9
7 8 10
7 8 11
7 8 12
7 8 13
7 8 14
7 8 15
7 9 10
7 9 11
7 9 12
7 9 13
7 9 14
7 9 15
7 10 11
7 10 12
7 10 13
7 10 14
7 10 15
7 11 12
7 11 13
7 11 14
7 11 15
7 12 13
7 12 14
7 12 15
7 13 14
7 13 15
7 14 15
8 9 10
8 9 11
8 9 12
8 9 13
8 9 14
8 9 15
8 10 11
8 10 12
8 10 13
8 10 14
8 10 15
8 11 12
8 11 13
8 11 14
8 11 15
8 12 13
8 12 14
8 12 15
8 13 14
8 13 15
8 14 15
9 10 11
9 10 12
9 10 13
9 10 14
9 10 15
9 11 12
9 11 13
9 11 14
9 11 15
9 12 13
9 12 14
9 12 15
9 13 14
9 13 15
9 14 15
10 11 12
10 11 13
10 11 14
10 11 15
10 12 13
10 12 14
10 12 15
10 13 14
10 13 15
10 14 15
11 12 13
11 12 14
11 12 15
11 13 14
11 13 15
11 14 15
12 13 14
12 13 15
12 14 15
13 14 15
nonspec_type
2
nonspec_param
6.9476 2.9999
e
0.33916
-0.00094351
-0.029052
-0.005838
0.10002
-0.27606
0.11341
-0.1806
0.24509
0.025506
0.022266
-0.10743
-0.19518
0.33832
0.8643
-0.3178
0.010027
-0.0015116
-0.010786
-0.0024915
0.00027138
0.0024377
-0.0041714
0.0022826
0.0031892
0.0027436
0
-0.0075902
-0.0014718
-0.00026021
-0.020348
-0.0060526
0.0049247
0.00021597
-0.00049599
0.0026194
-0.001593
-0.00043133
-0.0026947
-0.00028413
0.0036763
0
0
-0.0026854
0.0014353
0
0.0015815
-0.0023546
0.0016744
0.0051074
0.0029516
-0.0017937
-0.0023584
0.0012543
-0.00096431
0.0044664
-0.00089224
0.0054367
0.0060349
-0.0030883
0.0068011
2.149e-05
0.00421
0.024069
-0.00082102
-0.0044096
0.0064644
-0.017361
0.021403
-0.00034206
0.0084223
0.0027106
-0.003398
0.010458
0.071635
-0.015887
0.0078278
-0.0070088
0.0022322
0.0017204
0.015888
0.01145
-0.0090205
-0.017737
0.0058989
0.021145
-0.00068472
0.082233
0.00042877
0.0016971
0.04965
-0.071171
-0.0059637
-0.0041251
0.0024931
0.022116
0.010688
-0.022981
-0.067784
0.019674
0.0071272
-0.0029346
-0.0042374
0.002894
0.010745
-0.00091891
-0.031038
-0.055982
0.068528
0.047064
-0.004355
-0.0081659
-0.013333
0.14373
-0.016693
0.11911
0.11479
0.028306
0.098416
0.10844
0.088439
0.0028339
-0.0048832
0.0007574
5.2151e-05
0.00011574
0.00051586
8.9982e-05
0
-0.00034423
9.4794e-05
0
0.00086948
0
0.0021193
-0.0035591
0
0.0020388
-0.00098498
0.00029575
0.00073769
0.00086233
-0.00025721
-0.0015593
0.0013348
-0.00024608
0.0030926
0
-0.0036522
0.0025045
-0.0017293
-0.0060452
-0.0042519
0.00068523
0.0019984
-0.0032905
0.0011648
-7.5984e-05
0.0019314
-0.00028016
1.0087e-05
0.00049408
0.0012228
0.00079807
-0.0021509
-0.00389
0.0011266
0.00059349
2.0042e-05
0.00029518
0.00039747
0.00018692
-5.1186e-05
0.00093398
4.0908e-05
-0.00033887
0.00082457
-0.00023438
-0.0059728
-0.00049856
-0.00044556
0.0037671
0.00083221
0.00070222
0.00034219
0.00080541
0.00048937
0.00063537
3.1412e-05
-0.00086047
-8.8286e-05
-0.00081449
-0.00015748
5.4376e-05
0.00073009
0.00025223
8.9964e-05
-0.001825
-0.00083879
-0.0019612
0.00050454
0.00038517
0.00088798
-0.002997
2.318e-05
0.00063341
-0.00094249
-0.00019662
-0.00027599
0.0025044
-0.00044233
0.00042764
0.010268
0.0021939
0.00022847
-0.0010314
0.00063406
-0.001421
-0.0030574
-0.00091566
0.000487
0.0039971
-0.0041994
0.0020359
0
6.6091e-05
0.0017587
-0.00057282
0.0011934
0.0019098
0.0020907
-0.0018467
0.0032989
0.0061438
-0.0024057
0.00034289
-0.0014427
0.00016823
0
-0.00031918
1.2963e-05
-0.0013235
0
0.0025959
-0.00029767
0
-0.00050714
0.00056033
0
-0.00046626
4.8372e-05
0.00057105
-0.00010079
0.00045254
0.00056306
0.00057728
0.0019934
1.6919e-05
0.00078005
-0.0016148
0.00062863
-0.00053464
-0.00038545
-0.00050961
0
-0.00038946
0.00076181
0.00099533
-0.00066793
-0.00013949
-0.00055558
-0.00042399
-0.00016368
0.00068102
3.47e-05
0.0004413
-0.002169
0.0011916
0.00080539
-0.00078037
-0.00025857
0.00059142
0
-0.00036226
-0.00081775
-0.0001958
0.0014065
0.0007397
-0.0010633
-0.0034852
0.0040588
0.00025351
-0.0035658
0.0026554
-0.0017588
-0.0035914
-0.0025669
0.00029842
0.0028276
-0.0033177
0.0016702
0
0.001995
0.00056969
0.00019762
0
0.0015827
-0.00017859
-0.001504
-0.0015628
-0.00012061
0.00025219
0.00010533
0.00059161
-2.0165e-05
0
-0.00021849
0.00070406
0.0013502
-0.00075367
0.00038772
-0.00037279
-0.0021819
0.00052831
0.0009078
0.0011174
0.00036816
0.00056315
2.6775e-05
-3.1752e-05
0.00021117
0.00075725
0
-0.00053457
0.0002297
1.3069e-05
-0.00016827
-0.00032164
-0.00046005
0.00061403
0
-0.00078305
-5.691e-06
0.00028382
0.00055438
0.00061515
5.0158e-06
-0.0012855
-0.0001822
0.00038067
-0.0011588
0.00088069
-0.00016394
0.0011177
-0.00015765
0.00099073
0.0021441
-0.013503
0.0056843
-0.00067825
0.001455
0.0024324
-0.0047208
0.011272
0.029714
-0.0060544
0.00088444
0.00055309
-0.00020133
-0.00078534
0.00041191
0.0018499
-0.00087317
-0.0058722
0.0011825
0.00046296
0.0029619
0.017801
0.00071874
0.0018879
-0.0058779
0.0030992
-0.0035669
-0.0018169
-0.0076671
-0.0015341
-1.5673e-05
-0.0017945
-0.00032183
-0.0016311
0
0.00064079
-3.7743e-05
-0.0019566
-0.0023774
0.00012414
0.0072033
-0.0034936
0
-0.0058243
0.002692
-0.0016819
0.0052802
0.0044461
-0.0019075
0.0046227
0.0045745
0.0064462
-0.01107
0.0065444
0.0016093
-0.00076413
0.0035732
0
0
-0.00010342
0
0.0024204
0.0048467
-0.0014106
-0.0055756
0.0012708
-0.0037218
-0.0002237
-0.00089902
-0.0092452
0.0056177
0.0032079
0.00075945
0.0010978
0.0026442
0.0051719
0.0086774
0.012261
-0.0015564
-0.00015335
0
0.00061591
0
-0.00068944
0.00044145
-0.0044286
0.0023356
-0.0092628
0.004426
-0.00039828
-0.0059521
0.0097646
-0.014618
-0.0014818
-0.010817
-0.0025497
-0.0030251
0.0076855
-0.015071
-0.018055
0.00051073
-0.00033245
-0.00080064
-0.0028802
-0.0017939
0.0060658
-0.0037387
-0.0008587
0
0
0.0024935
0.00058954
-0.00073334
-0.0031083
0.00043439
-0.00069157
-0.00084119
0.00096407
0
0.00029478
0.00027325
-0.0060294
-0.0054695
-0.006426
-0.00060088
0.00087422
0.0019214
0.0075855
0.0078406
-0.0025003
0.0098844
0.0031898
0.00047088
0.00027917
0.0051493
0.0070781
-0.00089346
-0.00082714
-0.0025458
-0.0079581
0.013137
-0.0094116
-3.8831e-05
0
0.00079083
-0.00060702
-0.0024581
0.00065449
0.0007145
0.012606
0.024784
-0.05963
0
-0.0051107
-0.00099706
-0.013872
0.0062064
0.0045379
-0.033469
0.037221
0.0019273
-0.01835
-0.012772
-0.010563
0.0012173
-0.0030107
0.0023102
-0.00014956
0.000879
0.00086853
-0.015145
0.0071913
0.003374
-0.0071496
-0.0010532
-0.0066073
0.0075525
0.016084
0.0026434
0.013883
-0.0015484
0.012402
0.0018948
0.0096577
0.010181
-0.0037638
0.0064452
0.0012465
-0.0021155
-0.001928
-0.0045921
0.0026195
-0.0013674
0.0019491
0.001397
0.0023218
-0.0023759
-0.0030058
0.00091665
0
-0.0025108
0.025085
-0.012559
-0.0051752
0.04975
-0.02765
0.0058779
-0.027156
-0.0067031
0.0032684
0.014374
0.0056624
-0.014384
0.016399
-0.014491
-0.024063
0.04834
-0.022286
0.012172
0.10869
