n
15
q_list
2 2 2 2 2 2 2 2 2 2 2 2 2 2 2
site_combn
1
2
3
4
5
6
7
8
9
10
11
12
13
14
15
1 2
1 3
1 4
1 5
1 6
1 7
1 8
1 9
1 10
1 11
1 12
1 13
1 14
1 15
2 3
2 4
2 5
2 6
2 7
2 8
2 9
2 10
2 11
2 12
2 13
2 14
2 15
3 4
3 5
3 6
3 7
3 8
3 9
3 10
3 11
3 12
3 13
3 14
3 15
4 5
4 6
4 7
4 8
4 9
4 10
4 11
4 12
4 13
4 14
4 15
5 6
5 7
5 8
5 9
5 10
5 11
5 12
5 13
5 14
5 15
6 7
6 8
6 9
6 10
6 11
6 12
6 13
6 14
6 15
7 8
7 9
7 10
7 11
7 12
7 13
7 14
7 15
8 9
8 10
8 11
8 12
8 13
8 14
8 15
9 10
9 11
9 12
9 13
9 14
9 15
10 11
10 12
10 13
10 14
10 15
11 12
11 13
11 14
11 15
12 13
12 14
12 15
13 14
13 15
14 15
nonspec_type
2
nonspec_param
6.4832 3.2664
e
0.90312
0
-0.028358
-0.0055529
0.092293
-0.27023
0.11281
-0.21939
0.24712
0.025641
0.018688
-0.076325
-0.17844
0.34063
0.8931
-0.27119
0.0093839
-0.00084169
-0.010612
-0.0044068
0.00024835
0.0021445
-0.0036542
0.0022099
0.0033398
0.0019198
0
-0.005729
-4.9309e-05
-0.00043231
-0.019666
-0.0035431
0.0073174
0
0.00062353
0.00094679
-0.0011392
0
-0.0012733
0.00017071
0.0022733
-0.0038328
0.00042149
-0.0036164
0.00083585
7.1883e-05
0.00132
-0.0026903
0.0014154
0.0048762
0.0023082
-0.00077803
-0.0020885
0
0
0.0096905
-0.00019888
0.0021497
0.01153
-0.0036934
0.0015198
-0.0014172
-0.00021183
0.024922
0.011049
-0.0097548
-6.3768e-05
-0.0029146
0.0044936
-0.0017103
0.0099455
0.010788
0.012902
-0.007813
0.015813
0.0032157
0.0014031
0.0001403
0.0024554
0
0.013362
0.0056195
0
0.0070003
-0.0013748
0.0056162
-0.0017852
0.072838
0.0029047
0.020533
0.018604
-0.13496
0.0037836
-0.0026681
-0.00065194
0.015244
-0.0056063
-0.00037918
-0.0084406
-0.0022605
0.0055754
-0.0032453
-0.0039359
0.0028971
0.01346
-0.0015757
-0.031221
-0.055345
0.057642
0.035581
-0.00097636
0.0045942
-0.012465
0.131
-0.0097521
0.12532
0.07811
0.05875
0.16703
0.1265
0.058492
