n
16
q_list
2 2 2 2 2 2 2 2 2 2 2 2 2 2 2 2
site_combn
1
2
3
4
5
6
7
8
9
10
11
12
13
14
15
16
1 2
1 3
1 4
1 5
1 6
1 7
1 8
1 9
1 10
1 11
1 12
1 13
1 14
1 15
1 16
2 3
2 4
2 5
2 6
2 7
2 8
2 9
2 10
2 11
2 12
2 13
2 14
2 15
2 16
3 4
3 5
3 6
3 7
3 8
3 9
3 10
3 11
3 12
3 13
3 14
3 15
3 16
4 5
4 6
4 7
4 8
4 9
4 10
4 11
4 12
4 13
4 14
4 15
4 16
5 6
5 7
5 8
5 9
5 10
5 11
5 12
5 13
5 14
5 15
5 16
6 7
6 8
6 9
6 10
6 11
6 12
6 13
6 14
6 15
6 16
7 8
7 9
7 10
7 11
7 12
7 13
7 14
7 15
7 16
8 9
8 10
8 11
8 12
8 13
8 14
8 15
8 16
9 10
9 11
9 12
9 13
9 14
9 15
9 16
10 11
10 12
10 13
10 14
10 15
10 16
11 12
11 13
11 14
11 15
11 16
12 13
12 14
12 15
12 16
13 14
13 15
13 16
14 15
14 16
15 16
nonspec_type
2
nonspec_param
5.9694 2.6914
e
-2.7285
0.22949
0.38503
1.0315
0.066767
1.0041
0.09636
1.1752
0.37443
0.14392
0.66055
3.693
0.18244
0.053883
0.032615
0.082447
0.47655
0.16338
0.0086413
0.0015143
0.051015
3.5578e-05
-0.014746
-0.009422
-0.0093957
0.01919
0.070702
-0.0079978
0
0.00481
0.00040514
0
-0.066736
-0.031681
-0.12673
0.0074632
0.0058031
-0.00054346
0.0085838
-0.021316
-0.023567
0.014291
0
0
0.0044683
0.012942
-0.053139
-0.43165
0.0068776
-0.024126
-0.20621
-0.0022706
-0.26003
-0.067845
0.01033
-0.010441
-0.00086858
0.018525
-0.011725
0.92204
0.0033992
0.023296
-0.031642
-0.0099572
-0.018337
0
0.018651
-0.0024535
-0.0013646
-0.00040016
-0.0025608
0.0056778
0.017167
-0.18938
-0.010247
0.0070774
0.034333
-0.012086
0.00038765
0.0076674
0.00010699
-0.013605
0.00033436
0
-0.0065462
0.025781
0.01449
0.003829
0
0
-0.0025238
-0.0037212
0.1548
0.014656
0.10483
-0.86596
-0.029429
-0.0076721
0.00049016
-0.054865
0.0023153
-0.032943
-0.11234
0.35402
-0.0056592
-0.028675
-0.0043858
0.0362
0.0015701
0.1903
0.11124
-0.019987
-0.0042775
-0.0017122
-0.037651
0
0.17956
-0.039797
-0.034399
0.00098386
0.057206
0.015287
-0.090772
-0.019096
-0.00099547
0.0049301
-0.081829
-0.016011
0.0053006
-0.056612
0
-0.0022068
0.026141
0.0021226
-0.021228
-0.039127
0.21306
