n
16
q_list
2 2 2 2 2 2 2 2 2 2 2 2 2 2 2 2
site_combn
1
2
3
4
5
6
7
8
9
10
11
12
13
14
15
16
1 2
1 3
1 4
1 5
1 6
1 7
1 8
1 9
1 10
1 11
1 12
1 13
1 14
1 15
1 16
2 3
2 4
2 5
2 6
2 7
2 8
2 9
2 10
2 11
2 12
2 13
2 14
2 15
2 16
3 4
3 5
3 6
3 7
3 8
3 9
3 10
3 11
3 12
3 13
3 14
3 15
3 16
4 5
4 6
4 7
4 8
4 9
4 10
4 11
4 12
4 13
4 14
4 15
4 16
5 6
5 7
5 8
5 9
5 10
5 11
5 12
5 13
5 14
5 15
5 16
6 7
6 8
6 9
6 10
6 11
6 12
6 13
6 14
6 15
6 16
7 8
7 9
7 10
7 11
7 12
7 13
7 14
7 15
7 16
8 9
8 10
8 11
8 12
8 13
8 14
8 15
8 16
9 10
9 11
9 12
9 13
9 14
9 15
9 16
10 11
10 12
10 13
10 14
10 15
10 16
11 12
11 13
11 14
11 15
11 16
12 13
12 14
12 15
12 16
13 14
13 15
13 16
14 15
14 16
15 16
1 2 3
1 2 4
1 2 5
1 2 6
1 2 7
1 2 8
1 2 9
1 2 10
1 2 11
1 2 12
1 2 13
1 2 14
1 2 15
1 2 16
1 3 4
1 3 5
1 3 6
1 3 7
1 3 8
1 3 9
1 3 10
1 3 11
1 3 12
1 3 13
1 3 14
1 3 15
1 3 16
1 4 5
1 4 6
1 4 7
1 4 8
1 4 9
1 4 10
1 4 11
1 4 12
1 4 13
1 4 14
1 4 15
1 4 16
1 5 6
1 5 7
1 5 8
1 5 9
1 5 10
1 5 11
1 5 12
1 5 13
1 5 14
1 5 15
1 5 16
1 6 7
1 6 8
1 6 9
1 6 10
1 6 11
1 6 12
1 6 13
1 6 14
1 6 15
1 6 16
1 7 8
1 7 9
1 7 10
1 7 11
1 7 12
1 7 13
1 7 14
1 7 15
1 7 16
1 8 9
1 8 10
1 8 11
1 8 12
1 8 13
1 8 14
1 8 15
1 8 16
1 9 10
1 9 11
1 9 12
1 9 13
1 9 14
1 9 15
1 9 16
1 10 11
1 10 12
1 10 13
1 10 14
1 10 15
1 10 16
1 11 12
1 11 13
1 11 14
1 11 15
1 11 16
1 12 13
1 12 14
1 12 15
1 12 16
1 13 14
1 13 15
1 13 16
1 14 15
1 14 16
1 15 16
2 3 4
2 3 5
2 3 6
2 3 7
2 3 8
2 3 9
2 3 10
2 3 11
2 3 12
2 3 13
2 3 14
2 3 15
2 3 16
2 4 5
2 4 6
2 4 7
2 4 8
2 4 9
2 4 10
2 4 11
2 4 12
2 4 13
2 4 14
2 4 15
2 4 16
2 5 6
2 5 7
2 5 8
2 5 9
2 5 10
2 5 11
2 5 12
2 5 13
2 5 14
2 5 15
2 5 16
2 6 7
2 6 8
2 6 9
2 6 10
2 6 11
2 6 12
2 6 13
2 6 14
2 6 15
2 6 16
2 7 8
2 7 9
2 7 10
2 7 11
2 7 12
2 7 13
2 7 14
2 7 15
2 7 16
2 8 9
2 8 10
2 8 11
2 8 12
2 8 13
2 8 14
2 8 15
2 8 16
2 9 10
2 9 11
2 9 12
2 9 13
2 9 14
2 9 15
2 9 16
2 10 11
2 10 12
2 10 13
2 10 14
2 10 15
2 10 16
2 11 12
2 11 13
2 11 14
2 11 15
2 11 16
2 12 13
2 12 14
2 12 15
2 12 16
2 13 14
2 13 15
2 13 16
2 14 15
2 14 16
2 15 16
3 4 5
3 4 6
3 4 7
3 4 8
3 4 9
3 4 10
3 4 11
3 4 12
3 4 13
3 4 14
3 4 15
3 4 16
3 5 6
3 5 7
3 5 8
3 5 9
3 5 10
3 5 11
3 5 12
3 5 13
3 5 14
3 5 15
3 5 16
3 6 7
3 6 8
3 6 9
3 6 10
3 6 11
3 6 12
3 6 13
3 6 14
3 6 15
3 6 16
3 7 8
3 7 9
3 7 10
3 7 11
3 7 12
3 7 13
3 7 14
3 7 15
3 7 16
3 8 9
3 8 10
3 8 11
3 8 12
3 8 13
3 8 14
3 8 15
3 8 16
3 9 10
3 9 11
3 9 12
3 9 13
3 9 14
3 9 15
3 9 16
3 10 11
3 10 12
3 10 13
3 10 14
3 10 15
3 10 16
3 11 12
3 11 13
3 11 14
3 11 15
3 11 16
3 12 13
3 12 14
3 12 15
3 12 16
3 13 14
3 13 15
3 13 16
3 14 15
3 14 16
3 15 16
4 5 6
4 5 7
4 5 8
4 5 9
4 5 10
4 5 11
4 5 12
4 5 13
4 5 14
4 5 15
4 5 16
4 6 7
4 6 8
4 6 9
4 6 10
4 6 11
4 6 12
4 6 13
4 6 14
4 6 15
4 6 16
4 7 8
4 7 9
4 7 10
4 7 11
4 7 12
4 7 13
4 7 14
4 7 15
4 7 16
4 8 9
4 8 10
4 8 11
4 8 12
4 8 13
4 8 14
4 8 15
4 8 16
4 9 10
4 9 11
4 9 12
4 9 13
4 9 14
4 9 15
4 9 16
4 10 11
4 10 12
4 10 13
4 10 14
4 10 15
4 10 16
4 11 12
4 11 13
4 11 14
4 11 15
4 11 16
4 12 13
4 12 14
4 12 15
4 12 16
4 13 14
4 13 15
4 13 16
4 14 15
4 14 16
4 15 16
5 6 7
5 6 8
5 6 9
5 6 10
5 6 11
5 6 12
5 6 13
5 6 14
5 6 15
5 6 16
5 7 8
5 7 9
5 7 10
5 7 11
5 7 12
5 7 13
5 7 14
5 7 15
5 7 16
5 8 9
5 8 10
5 8 11
5 8 12
5 8 13
5 8 14
5 8 15
5 8 16
5 9 10
5 9 11
5 9 12
5 9 13
5 9 14
5 9 15
5 9 16
5 10 11
5 10 12
5 10 13
5 10 14
5 10 15
5 10 16
5 11 12
5 11 13
5 11 14
5 11 15
5 11 16
5 12 13
5 12 14
5 12 15
5 12 16
5 13 14
5 13 15
5 13 16
5 14 15
5 14 16
5 15 16
6 7 8
6 7 9
6 7 10
6 7 11
6 7 12
6 7 13
6 7 14
6 7 15
6 7 16
6 8 9
6 8 10
6 8 11
6 8 12
6 8 13
6 8 14
6 8 15
6 8 16
6 9 10
6 9 11
6 9 12
6 9 13
6 9 14
6 9 15
6 9 16
6 10 11
6 10 12
6 10 13
6 10 14
6 10 15
6 10 16
6 11 12
6 11 13
6 11 14
6 11 15
6 11 16
6 12 13
6 12 14
6 12 15
6 12 16
6 13 14
6 13 15
6 13 16
6 14 15
6 14 16
6 15 16
7 8 9
7 8 10
7 8 11
7 8 12
7 8 13
7 8 14
7 8 15
7 8 16
7 9 10
7 9 11
7 9 12
7 9 13
7 9 14
7 9 15
7 9 16
7 10 11
7 10 12
7 10 13
7 10 14
7 10 15
7 10 16
7 11 12
7 11 13
7 11 14
7 11 15
7 11 16
7 12 13
7 12 14
7 12 15
7 12 16
7 13 14
7 13 15
7 13 16
7 14 15
7 14 16
7 15 16
8 9 10
8 9 11
8 9 12
8 9 13
8 9 14
8 9 15
8 9 16
8 10 11
8 10 12
8 10 13
8 10 14
8 10 15
8 10 16
8 11 12
8 11 13
8 11 14
8 11 15
8 11 16
8 12 13
8 12 14
8 12 15
8 12 16
8 13 14
8 13 15
8 13 16
8 14 15
8 14 16
8 15 16
9 10 11
9 10 12
9 10 13
9 10 14
9 10 15
9 10 16
9 11 12
9 11 13
9 11 14
9 11 15
9 11 16
9 12 13
9 12 14
9 12 15
9 12 16
9 13 14
9 13 15
9 13 16
9 14 15
9 14 16
9 15 16
10 11 12
10 11 13
10 11 14
10 11 15
10 11 16
10 12 13
10 12 14
10 12 15
10 12 16
10 13 14
10 13 15
10 13 16
10 14 15
10 14 16
10 15 16
11 12 13
11 12 14
11 12 15
11 12 16
11 13 14
11 13 15
11 13 16
11 14 15
11 14 16
11 15 16
12 13 14
12 13 15
12 13 16
12 14 15
12 14 16
12 15 16
13 14 15
13 14 16
13 15 16
14 15 16
nonspec_type
2
nonspec_param
5.962 3.0231
e
-2.56
0.2247
0.34666
0.97239
0
0.86507
0.083259
0.50899
0.56578
0.17653
0.63182
2.8716
0.19623
0.041425
0.025519
0.069416
0.43522
0.13984
-0.028065
0.0071408
0.045298
0
-0.016553
-0.018773
-0.008757
0.00033099
0.011383
-0.012908
-0.00067493
0.0036736
-0.0070353
-0.011792
-0.093515
-0.014892
-0.072325
0.0030523
0
-0.042263
0
-0.033282
-0.031946
0.0035567
0
0
-0.0020162
0
-0.032324
-0.38571
0
-0.060295
-0.27794
-0.020205
-0.31233
-0.29939
0.025676
-0.017227
-0.0016311
0.013582
-0.016091
0.9316
0.0017619
0.017262
0
0
-0.024769
-0.059253
-0.0015488
-0.0065931
0
-0.0026156
0
0
0
-0.24524
-0.024879
-0.01046
-0.026609
-0.036289
0
0.0024355
0
0
0
-0.010861
-0.0070304
0.024737
-0.0013704
0
0
0
-0.0066715
-0.0042658
0.032797
0
0.064779
-0.27209
-0.038205
0
0.0047978
-0.058263
0.022255
-0.062962
-0.16305
0.012829
-0.041685
-0.029315
-0.0037719
0.023437
0
0.12146
0.029114
-0.023551
-0.0030515
-0.0010897
-0.038041
-0.0092022
0
0.016359
-0.01704
0
0.042359
0.024425
-0.13123
-0.019646
0
0
-0.086791
-0.0072225
0.011258
-0.070768
-0.0021608
-0.0022313
0.020933
0
-0.0241
-0.037411
0.239
0.0085259
-0.0037749
0.01259
0.0023086
0.0050034
0.0086456
0
0.0082213
0.014288
0.0060612
0.0017084
0
0.0030477
-0.01096
-0.0019718
-0.0036633
0.0025036
-0.008054
-0.0022439
-0.002068
0.014273
0.0049741
0.00051703
-4.2435e-05
0.0002559
-0.0021832
-0.0051358
0.019383
-0.0024657
-0.0051738
-0.0056411
-0.005574
-0.003352
-0.0029937
0.0028707
0
1.4075e-05
0.00085612
0.00071703
0.0028977
-0.0044382
-0.0083356
-0.00083017
-0.013817
0.024844
0.0019456
0.0035541
0.00051049
0.0023291
-0.0078459
-0.002556
0.0022444
0
0.00027717
0.0029213
0.0014078
-0.0011199
0
0
-0.0010171
-0.0013765
-0.0047998
0.0035548
-0.0026126
0.003147
-0.00046039
0.00047264
0.0004273
-0.004552
-0.003974
0.0012987
0.0074416
0.0023921
0.00279
-0.00051679
-0.00073397
0.0025584
0.0064146
0.0024477
0
0.0005975
0
-0.0015747
-0.0052981
-0.0020278
0.0011231
-0.0034658
0.001713
0
0.0013222
0
0
-0.00039246
-0.0078859
-0.016242
0.00095099
0.0013625
0.0026356
0.0030092
0
0
-0.0017881
2.4607e-05
6.7998e-05
0.00048495
-0.011044
-0.037155
-0.0038665
-0.013117
-0.010281
-0.0038075
0.00085741
0
-0.0052633
-8.1474e-05
-0.0013759
-0.006131
-0.00024281
0.0096074
-0.00031739
-0.0017458
-0.0053532
0.0024536
-0.0052118
-0.022026
-0.00095234
-0.0014432
-0.0017352
0.0056542
-0.0016321
0
-0.010794
-0.0248
-0.0049449
-0.0067592
0.03871
0.00036967
0.0018683
0
-0.0029368
-0.0048527
-0.0023976
0
0
0.00082395
0
0.0019175
0.0011158
0.0017799
0.0010793
-0.00049544
0.0047175
0.003076
-0.0071898
-0.002148
0.0061956
-0.0017819
-0.00029697
0
-0.0024739
-0.0037175
-0.0094802
-0.018393
0.010601
0.0011277
-0.00088618
0.0058958
0.0053335
0.006128
-0.0013237
0.0035754
-0.00040542
0
0.0012876
-0.0045395
-0.0099914
0.0013657
-0.003095
-0.00038132
-0.00070566
0
0
0.0034069
-0.00068437
-0.0038515
-0.016272
0
-0.00080251
0.0057481
0
0
0.0026034
0.00053542
0.0010756
-6.7003e-05
-0.0056931
0.26937
-0.0039041
-0.0011412
-0.026407
-0.0039263
-0.043831
0
0.0053724
-0.0079555
-0.0014641
0.0010255
-0.0040479
-0.0042289
-0.014466
-0.059908
-0.011646
0.11122
0.10744
-0.00863
0
0.0004684
-0.0065468
0.00038743
-0.00070605
-0.004338
8.3147e-05
-0.0098126
0.013565
0.0037694
0.00013196
0.0011799
0
0.0012389
0.043666
0.0036887
-0.0013451
0.0056852
0.0044224
0.0013403
-0.0039368
-0.011614
-0.018505
-0.0097886
0.064885
0
-0.0022214
-0.0082411
0
-0.00097065
0.0095004
0.016096
0.027458
-0.0061171
-0.0026969
-0.0031089
-0.00056751
-0.00063241
-4.3338e-05
-0.0070551
-0.010267
-0.0029026
-0.0051937
0.01301
0.05544
-0.0033445
0.0022175
0.014378
0.035021
-0.0010175
0
-0.0064595
0.00065994
0
0.0080256
0.01015
-0.0027817
-0.0017485
0.0204
0.022914
0.063734
0.15172
0.013411
0.083338
0.26375
0.052435
0.0062604
-0.0024613
0.01957
-0.01273
0.0019724
-0.0035181
0.00029546
-0.010498
-0.0022566
0
-0.003939
0.0013851
0.00039783
0
-0.001504
0.0067307
-0.016448
-0.015177
0.015374
-0.0036745
-0.0041498
0.01339
0.0025881
-0.0079959
-0.0068637
-0.032775
0.00018762
0
0
0.0014746
0.00032982
-0.010773
-0.015453
0.0068549
-0.00094417
-0.00072514
0.0067077
0
-0.015629
-0.005809
0.00014985
0
-0.0029601
-0.013405
-0.011332
0
0.0031613
-0.011032
-0.025991
0
-0.0011995
0.011441
0.0032906
0.0029791
0.00052394
-0.0014691
0.0026013
0
-0.0087041
-0.0011808
-0.004524
0
0.0066505
0.010488
-0.0034288
0.0034066
0
-0.0028563
-0.0014809
0.00022894
0.0013283
9.2749e-05
0.0029197
-0.0057795
0.0019434
-0.00018276
-0.0071124
-0.024855
-0.027662
-0.02434
-0.086474
-0.02124
-0.00028991
0.0015452
-0.0048946
-0.031192
0.01238
0
-0.0069124
0.0020863
-0.0018483
-0.0043458
-0.0065004
0
-0.0023933
-0.0002942
-0.0015683
0.0047183
-0.024407
0
0.0083802
0
0.0085834
0.00035011
-0.00085978
-0.0025681
-0.0044125
-0.0050423
0
-0.00030576
0.0035339
-0.0024654
-0.0016041
-0.0027326
-0.0026554
-0.0018409
0.004938
0.0014126
0
0
0.0020367
-0.0011748
-0.0020712
-0.0012674
0.0046446
0
0.003479
0
0
4.1212e-05
0
0.0012574
0
0.0042701
-0.0010765
0
0
-0.0015296
0.017216
0.0017454
0.0014957
0
0.0031271
0.00018021
-0.0019903
0.00039619
0
-0.0053159
-0.00083118
-0.00048792
-0.0016099
0.0018996
-0.0013248
0
0.0018371
-0.00068969
-0.0012628
0.00029543
-0.0031827
-0.019935
0.0038711
-0.070967
-0.014718
0
-0.0042469
-0.0023692
-0.022112
0.025318
-0.006964
-0.0014133
-0.00068213
-0.0013441
-0.0067929
-0.0055219
-0.0071642
0.002997
0
0.0021035
0.0053759
-0.010205
-0.013913
0.0078938
0.0031848
-0.015233
0.012046
0.00017223
0
-0.012026
-0.00038429
-0.004276
-0.0083054
0.00073167
-0.00097285
0.0014067
-0.0050609
0.022865
-0.024747
-0.029258
0.0010794
0.0001864
-0.013424
-0.0072681
-0.062878
-0.061115
0
0.0031457
0.0089046
-0.017242
-0.034567
0
0.00058663
0.0039953
0.0043412
-0.0099747
-8.7797e-05
-0.0096709
0.00046845
0.00061732
0.0036558
-0.0081056
0.0073386
-0.0015824
-0.0015143
-0.019566
0.026346
0.0019311
-0.0026111
0.017077
-0.0019898
0
0.0028909
-0.0006062
-0.0061022
-0.013129
-0.003734
0.0012962
-0.013021
0
-0.0020802
-0.0031528
0.00027004
0
-0.00072803
0.003308
0.072682
0.019141
0.00059522
0.0035704
0
-0.0082098
-0.0023885
0.01352
0.0032748
0.00015859
-0.002557
-0.0029636
0
-0.0029381
-0.0068048
0.0069873
0.009046
-0.027788
0.0042724
0
0
0
-0.006468
-0.0060938
0.065221
-0.0019734
-2.5848e-05
0.00061001
0.0033639
0
0.0092462
0.0020608
-0.0041855
0.044145
0.0028566
