n
4
q_list
12 6 13 10
site_combn
1
2
3
4
1 2
1 3
1 4
2 3
2 4
3 4
1 2 3
1 2 4
1 3 4
2 3 4
nonspec_type
2
nonspec_param
-0.023798 1.1837
e
-3.7116
0.11165
-0.29039
-0.14282
-0.15857
0.051445
0.59492
0.6297
-0.21608
-0.045543
-0.10127
-0.095498
-0.33755
-0.28602
-0.27778
-0.086723
-0.38296
-0.27778
1.3113
0.065715
0.80096
0.33424
-0.020914
-0.15555
-0.012693
0.0064717
-0.018388
-0.29286
-0.1779
-0.1433
-0.10049
-0.2853
-0.028038
-0.083899
-0.31939
0.13478
0.84504
-0.23782
-0.055805
0.069889
0.054244
-0.37901
-0.12593
-0.12593
-0.12593
-0.12593
-0.12593
0.62965
0.13912
0.13912
0.13912
0.13912
0.13912
-0.69558
0.09326
0.09326
0.09326
0.09326
0.09326
-0.4663
0.095464
0.095464
0.095464
0.095464
0.095464
-0.47732
-0.087019
-0.087019
-0.087019
-0.087019
-0.087019
0.4351
-0.30774
-0.30774
-0.30774
-0.30774
-0.30774
1.5387
-0.28012
-0.28012
-0.28012
-0.28012
-0.28012
1.4006
0.12989
0.12989
0.12989
0.12989
0.12989
-0.64944
0.0063673
0.0063673
0.0063673
0.0063673
0.0063673
-0.031837
0.067485
0.067485
0.067485
0.067485
0.067485
-0.33742
0.058567
0.058567
0.058567
0.058567
0.058567
-0.29284
0.21065
0.21065
0.21065
0.21065
0.21065
-1.0533
-0.012912
0.10809
0.12905
-0.02475
-0.014724
-0.024081
-0.024867
-0.024803
-0.015092
-0.030681
-0.025543
-0.019339
-0.020344
0.01458
0.032953
-0.09822
0.0027407
0.012767
0.0034097
0.0026246
0.0026879
0.012399
-0.0031902
0.0019485
0.0081526
0.0071471
0.014224
0.037227
-0.098576
0.0023846
0.012411
0.0030536
0.0022685
0.0023319
0.012043
-0.0035464
0.0015924
0.0077965
0.006791
0.031053
-0.16472
-0.081747
0.019214
0.02924
0.019883
0.019098
0.019161
0.028872
0.013283
0.018422
0.024626
0.02362
-0.053094
0.07729
-0.10283
-0.0018696
0.008157
-0.0012006
-0.0019857
0.072128
0.0077888
-0.0078006
-0.0026618
0.0035423
0.0025368
0.020312
0.025016
0.27505
-0.0098256
-0.03347
-0.002305
-0.008548
-0.076818
-0.11607
0.055415
-0.0011111
-0.069356
-0.058295
-0.015696
0.056673
0.31262
-0.027535
-0.10416
-0.041745
-0.027651
-0.027587
-0.017876
-0.033466
-0.028327
-0.022123
-0.023128
0.046804
-0.35059
-0.069142
0.034965
0.044991
0.035634
0.034849
0.034912
0.044623
0.029034
0.034173
0.040377
0.039371
-0.078105
0.074845
-0.093603
0.0073583
0.017385
0.0080273
0.0072421
0.0073055
0.017017
0.0014273
0.006566
0.01277
0.011765
0.011574
0.034577
-0.10123
-0.000265
0.0097616
0.00040398
-0.00038115
0.034127
0.0093933
-0.006196
-0.0010572
0.0051469
0.0041413
0.017266
0.041646
-0.095534
0.0054266
0.015453
0.0060956
0.0053105
-0.035549
0.015085
-0.00050436
0.0046344
0.010839
0.009833
0.0039953
0.026998
0.024162
-0.0078436
0.002183
-0.0071746
-0.0079597
-0.0078963
0.0018148
-0.013775
-0.0086358
-0.0024317
-0.0034372
-0.022156
-0.020855
-0.013514
-0.015126
0.13339
-0.0072726
-0.014173
-0.018495
-0.015959
-0.0058348
-0.015773
-0.014472
-0.0071315
-0.0087433
0.075939
-0.00088963
-0.0077895
-0.012112
-0.0095759
0.00054825
1.1528e-06
0.001302
0.008643
0.0070311
-0.066031
0.014885
0.0079849
0.0036627
0.0061985
0.016323
-0.014611
-0.01331
-0.0059695
-0.0075813
0.093244
0.00027234
-0.0066275
-0.038713
-0.0084139
0.0017102
-0.015369
-0.049804
-0.006727
-0.0083388
0.10803
-0.00048513
-0.007385
-0.011707
-0.0091714
0.00095276
0.066644
0.072848
0.0040109
0.0023991
-0.080032
-0.083991
0.0033529
0.033807
0.011558
-0.030597
0.016992
0.033516
-0.0067923
0.010938
-0.075992
0.018792
0.00044596
0.040977
0.010105
-0.048982
0.044468
0.045769
0.05311
0.051498
-0.46623
0.059352
0.052452
0.04813
0.050665
0.06079
-0.020881
-0.01958
-0.012239
-0.013851
0.12191
-0.0059972
-0.012897
-0.017219
-0.014683
-0.0045593
-0.023684
-0.022384
-0.015043
-0.016654
0.14714
-0.0088007
-0.015701
-0.020023
-0.017487
-0.0073628
-0.017836
-0.016535
-0.0091938
-0.010806
0.0945
-0.0029519
-0.0098518
-0.014174
-0.011638
-0.0015141
0.0022046
0.0035054
0.010846
0.0092345
-0.085862
0.017088
0.010188
0.0058662
0.0084019
0.018526
0.0044458
-0.51516
-0.12793
0.021727
0.14135
0.012266
-0.0056586
0.018965
0.18349
0.042063
0.047723
0.055532
0.12118
0.0044458
-0.51516
-0.12793
0.021727
0.14135
0.012266
-0.0056586
0.018965
0.18349
0.042063
0.047723
0.055532
0.12118
-0.023404
-0.18096
-0.15578
-0.0061225
0.1135
-0.015583
-0.033508
-0.0088848
0.15564
0.014213
0.019873
0.027683
0.09333
0.0044458
-0.51516
-0.12793
0.021727
0.14135
0.012266
-0.0056586
0.018965
0.18349
0.042063
0.047723
0.055532
0.12118
0.0044458
-0.51516
-0.12793
0.021727
0.14135
0.012266
-0.0056586
0.018965
0.18349
0.042063
0.047723
0.055532
0.12118
0.0056205
2.2416
0.66748
-0.080785
-0.6789
-0.033483
0.056143
-0.066974
-0.8896
-0.18246
-0.21076
-0.24981
-0.57805
0.029314
0.05579
0.23651
-0.07472
-0.48211
0.08215
0.04478
-0.049215
-0.011088
0.16858
0.023409
0.049885
0.23061
-0.080626
-0.42896
0.076245
0.038874
-0.055121
-0.016993
0.16268
0.0059929
0.032469
0.21319
-0.098042
-0.27221
0.058829
0.021458
-0.072537
-0.034409
0.14526
0.029237
0.055712
0.23644
-0.074798
-0.48141
0.082072
0.044702
-0.049293
-0.011165
0.1685
0.023409
0.049885
0.23061
-0.080626
-0.42896
0.076245
0.038874
-0.055121
-0.016993
0.16268
-0.11136
-0.24374
-1.1474
0.40881
2.0936
-0.37554
-0.18869
0.28129
0.090648
-0.80769
0.0050218
0.11285
-0.0099333
-0.01855
-0.042529
-0.012507
-0.010148
-0.015071
-0.011258
0.0021218
-0.087512
-0.48353
0.091948
0.11384
-0.11452
0.089374
0.091734
0.08681
0.10785
0.104
0.025165
-0.13421
0.01021
0.0015935
0.15145
0.041099
0.025184
0.0050721
0.0088849
-0.13445
0.0037922
0.048549
-0.011163
-0.019779
0.031612
-0.013737
-0.011377
-0.016301
-0.012488
0.00089222
0.0081101
0.052866
-0.006845
-0.015462
-0.0072482
-0.009419
-0.0070595
-0.011983
-0.0081702
0.00521
0.0044409
0.049197
-0.010514
-0.019131
0.038173
-0.013088
-0.023128
-0.015652
-0.011839
0.0015409
0.0043223
0.049079
-0.010633
-0.019249
0.026842
-0.013207
-0.010847
-0.015771
-0.011958
0.0014223
-0.0055863
0.03917
-0.020541
0.064506
-0.044438
-0.023115
-0.020756
0.041115
-0.021867
-0.0084863
0.0082359
0.052992
-0.0067191
-0.027496
0.0037789
-0.0092932
-0.0069336
-0.011857
-0.0080443
0.0053359
0.015161
0.059917
0.00020587
-0.0084107
-0.070706
-0.0023682
-8.628e-06
-0.0049321
-0.0011193
0.012261
0.0070199
0.051776
-0.0079351
-0.016552
0.0025629
-0.010509
-0.0081496
-0.013073
-0.0092603
0.0041199
0.0070199
0.051776
-0.0079351
-0.016552
0.0025629
-0.010509
-0.0081496
-0.013073
-0.0092603
0.0041199
0.0048094
0.049566
-0.010146
-0.018762
0.022458
-0.01272
-0.01036
-0.015284
-0.011471
0.0019094
0.0033322
-0.096829
0.0094454
0.007389
0.007389
0.0079599
0.0075051
0.01643
0.0070001
0.0078838
0.0081812
0.0069238
0.007389
0.0033322
-0.096829
0.0094454
0.007389
0.007389
0.0079599
0.0075051
0.01643
0.0070001
0.0078838
0.0081812
0.0069238
0.007389
0.0033322
-0.096829
0.0094454
0.007389
0.007389
0.0079599
0.0075051
0.01643
0.0070001
0.0078838
0.0081812
0.0069238
0.007389
0.0033322
-0.096829
0.0094454
0.007389
0.007389
0.0079599
0.0075051
0.01643
0.0070001
0.0078838
0.0081812
0.0069238
0.007389
0.0033322
-0.096829
0.0094454
0.007389
0.007389
0.0079599
0.0075051
0.01643
0.0070001
0.0078838
0.0081812
0.0069238
0.007389
-0.016661
0.48414
-0.047227
-0.036945
-0.036945
-0.0398
-0.037526
-0.082151
-0.035
-0.039419
-0.040906
-0.034619
-0.036945
-0.0042995
-0.0064637
0.0030287
-0.0002427
-0.0002427
0.00032828
-0.00012655
0.0087986
-0.00063157
0.0002521
0.00054954
-0.00070782
-0.0002427
-0.0042995
-0.0064637
0.0030287
-0.0002427
-0.0002427
0.00032828
-0.00012655
0.0087986
-0.00063157
0.0002521
0.00054954
-0.00070782
-0.0002427
-0.0042995
-0.0064637
0.0030287
-0.0002427
-0.0002427
0.00032828
-0.00012655
0.0087986
-0.00063157
0.0002521
0.00054954
-0.00070782
-0.0002427
-0.0042995
-0.0064637
0.0030287
-0.0002427
-0.0002427
0.00032828
-0.00012655
0.0087986
-0.00063157
0.0002521
0.00054954
-0.00070782
-0.0002427
-0.0042995
-0.0064637
0.0030287
-0.0002427
-0.0002427
0.00032828
-0.00012655
0.0087986
-0.00063157
0.0002521
0.00054954
-0.00070782
-0.0002427
0.021497
0.032319
-0.015144
0.0012135
0.0012135
-0.0016414
0.00063274
-0.043993
0.0031578
-0.0012605
-0.0027477
0.0035391
0.0012135
-0.0042995
-0.0064637
0.0030287
-0.0002427
-0.0002427
0.00032828
-0.00012655
0.0087986
-0.00063157
0.0002521
0.00054954
-0.00070782
-0.0002427
-0.0042995
-0.0064637
0.0030287
-0.0002427
-0.0002427
0.00032828
-0.00012655
0.0087986
-0.00063157
0.0002521
0.00054954
-0.00070782
-0.0002427
-0.0042995
-0.0064637
0.0030287
-0.0002427
-0.0002427
0.00032828
-0.00012655
0.0087986
-0.00063157
0.0002521
0.00054954
-0.00070782
-0.0002427
-0.0042995
-0.0064637
0.0030287
-0.0002427
-0.0002427
0.00032828
-0.00012655
0.0087986
-0.00063157
0.0002521
0.00054954
-0.00070782
-0.0002427
-0.0042995
-0.0064637
0.0030287
-0.0002427
-0.0002427
0.00032828
-0.00012655
0.0087986
-0.00063157
0.0002521
0.00054954
-0.00070782
-0.0002427
0.021497
0.032319
-0.015144
0.0012135
0.0012135
-0.0016414
0.00063274
-0.043993
0.0031578
-0.0012605
-0.0027477
0.0035391
0.0012135
-0.0049549
0.0014019
0.0023732
-0.00089817
-0.00089817
-0.0003272
-0.00078202
0.0081431
-0.001287
-0.00040337
-0.00010594
-0.0013633
-0.00089817
-0.0049549
0.0014019
0.0023732
-0.00089817
-0.00089817
-0.0003272
-0.00078202
0.0081431
-0.001287
-0.00040337
-0.00010594
-0.0013633
-0.00089817
-0.0049549
0.0014019
0.0023732
-0.00089817
-0.00089817
-0.0003272
-0.00078202
0.0081431
-0.001287
-0.00040337
-0.00010594
-0.0013633
-0.00089817
-0.0049549
0.0014019
0.0023732
-0.00089817
-0.00089817
-0.0003272
-0.00078202
0.0081431
-0.001287
-0.00040337
-0.00010594
-0.0013633
-0.00089817
-0.0049549
0.0014019
0.0023732
-0.00089817
-0.00089817
-0.0003272
-0.00078202
0.0081431
-0.001287
-0.00040337
-0.00010594
-0.0013633
-0.00089817
0.024775
-0.0070096
-0.011866
0.0044908
0.0044908
0.001636
0.0039101
-0.040716
0.0064352
0.0020168
0.00052968
0.0068164
0.0044908
0.041523
-0.044736
0.0090741
0.0058027
0.0058027
0.0063737
0.0059189
-0.059207
0.0054138
0.0062975
0.006595
0.0053376
0.0058027
0.041523
-0.044736
0.0090741
0.0058027
0.0058027
0.0063737
0.0059189
-0.059207
0.0054138
0.0062975
0.006595
0.0053376
0.0058027
0.041523
-0.044736
0.0090741
0.0058027
0.0058027
0.0063737
0.0059189
-0.059207
0.0054138
0.0062975
0.006595
0.0053376
0.0058027
0.041523
-0.044736
0.0090741
0.0058027
0.0058027
0.0063737
0.0059189
-0.059207
0.0054138
0.0062975
0.006595
0.0053376
0.0058027
0.041523
-0.044736
0.0090741
0.0058027
0.0058027
0.0063737
0.0059189
-0.059207
0.0054138
0.0062975
0.006595
0.0053376
0.0058027
-0.20762
0.22368
-0.045371
-0.029014
-0.029014
-0.031868
-0.029594
0.29603
-0.027069
-0.031488
-0.032975
-0.026688
-0.029014
-0.018842
-0.0027076
-0.010305
0.0035135
0.0035135
-0.0027672
0.0022358
0.012555
0.0077911
-0.0019293
-0.0052011
0.0086298
0.0035135
-0.018842
-0.0027076
-0.010305
0.0035135
0.0035135
-0.0027672
0.0022358
0.012555
0.0077911
-0.0019293
-0.0052011
0.0086298
0.0035135
-0.018842
-0.0027076
-0.010305
0.0035135
0.0035135
-0.0027672
0.0022358
0.012555
0.0077911
-0.0019293
-0.0052011
0.0086298
0.0035135
-0.018842
-0.0027076
-0.010305
0.0035135
0.0035135
-0.0027672
0.0022358
0.012555
0.0077911
-0.0019293
-0.0052011
0.0086298
0.0035135
-0.018842
-0.0027076
-0.010305
0.0035135
0.0035135
-0.0027672
0.0022358
0.012555
0.0077911
-0.0019293
-0.0052011
0.0086298
0.0035135
0.09421
0.013538
0.051524
-0.017567
-0.017567
0.013836
-0.011179
-0.062774
-0.038955
0.0096466
0.026005
-0.043149
-0.017567
-0.0042995
-0.0064637
0.0030287
-0.0002427
-0.0002427
0.00032828
-0.00012655
0.0087986
-0.00063157
0.0002521
0.00054954
-0.00070782
-0.0002427
-0.0042995
-0.0064637
0.0030287
-0.0002427
-0.0002427
0.00032828
-0.00012655
0.0087986
-0.00063157
0.0002521
0.00054954
-0.00070782
-0.0002427
-0.0042995
-0.0064637
0.0030287
-0.0002427
-0.0002427
0.00032828
-0.00012655
0.0087986
-0.00063157
0.0002521
0.00054954
-0.00070782
-0.0002427
-0.0042995
-0.0064637
0.0030287
-0.0002427
-0.0002427
0.00032828
-0.00012655
0.0087986
-0.00063157
0.0002521
0.00054954
-0.00070782
-0.0002427
-0.0042995
-0.0064637
0.0030287
-0.0002427
-0.0002427
0.00032828
-0.00012655
0.0087986
-0.00063157
0.0002521
0.00054954
-0.00070782
-0.0002427
0.021497
0.032319
-0.015144
0.0012135
0.0012135
-0.0016414
0.00063274
-0.043993
0.0031578
-0.0012605
-0.0027477
0.0035391
0.0012135
-0.022951
0.21735
-0.015623
-0.018894
-0.018894
-0.018323
-0.018778
-0.0098527
-0.019283
-0.018399
-0.018102
-0.019359
-0.018894
-0.022951
0.21735
-0.015623
-0.018894
-0.018894
-0.018323
-0.018778
-0.0098527
-0.019283
-0.018399
-0.018102
-0.019359
-0.018894
-0.022951
0.21735
-0.015623
-0.018894
-0.018894
-0.018323
-0.018778
-0.0098527
-0.019283
-0.018399
-0.018102
-0.019359
-0.018894
-0.022951
0.21735
-0.015623
-0.018894
-0.018894
-0.018323
-0.018778
-0.0098527
-0.019283
-0.018399
-0.018102
-0.019359
-0.018894
-0.022951
0.21735
-0.015623
-0.018894
-0.018894
-0.018323
-0.018778
-0.0098527
-0.019283
-0.018399
-0.018102
-0.019359
-0.018894
0.11475
-1.0868
0.078113
0.09447
0.09447
0.091615
0.093889
0.049263
0.096414
0.091996
0.090509
0.096795
0.09447
0.023322
-0.03869
0.0034473
0.00017591
0.00017591
0.00074688
0.00029206
0.0092172
-0.00021296
0.00067071
0.00096814
-0.00028921
0.00017591
0.023322
-0.03869
0.0034473
0.00017591
0.00017591
0.00074688
0.00029206
0.0092172
-0.00021296
0.00067071
0.00096814
-0.00028921
0.00017591
0.023322
-0.03869
0.0034473
0.00017591
0.00017591
0.00074688
0.00029206
0.0092172
-0.00021296
0.00067071
0.00096814
-0.00028921
0.00017591
0.023322
-0.03869
0.0034473
0.00017591
0.00017591
0.00074688
0.00029206
0.0092172
-0.00021296
0.00067071
0.00096814
-0.00028921
0.00017591
0.023322
-0.03869
0.0034473
0.00017591
0.00017591
0.00074688
0.00029206
0.0092172
-0.00021296
0.00067071
0.00096814
-0.00028921
0.00017591
-0.11661
0.19345
-0.017237
-0.00087955
-0.00087955
-0.0037344
-0.0014603
-0.046086
0.0010648
-0.0033536
-0.0048407
0.001446
-0.00087955
-0.0016498
-0.0038141
0.0056783
0.0024069
0.0024069
0.0029779
0.0025231
-0.022997
0.0020181
0.0029017
0.0031992
0.0019418
0.0024069
-0.0016498
-0.0038141
0.0056783
0.0024069
0.0024069
0.0029779
0.0025231
-0.022997
0.0020181
0.0029017
0.0031992
0.0019418
0.0024069
-0.0016498
-0.0038141
0.0056783
0.0024069
0.0024069
0.0029779
0.0025231
-0.022997
0.0020181
0.0029017
0.0031992
0.0019418
0.0024069
-0.0016498
-0.0038141
0.0056783
0.0024069
0.0024069
0.0029779
0.0025231
-0.022997
0.0020181
0.0029017
0.0031992
0.0019418
0.0024069
-0.0016498
-0.0038141
0.0056783
0.0024069
0.0024069
0.0029779
0.0025231
-0.022997
0.0020181
0.0029017
0.0031992
0.0019418
0.0024069
0.0082492
0.019071
-0.028392
-0.012035
-0.012035
-0.014889
-0.012615
0.11498
-0.01009
-0.014509
-0.015996
-0.009709
-0.012035
-0.0041935
-0.0077347
0.0031346
-0.00013678
-0.00013678
0.00043419
-2.0631e-05
0.0089045
-0.00052565
0.00035802
0.00065545
-0.0006019
-0.00013678
-0.0041935
-0.0077347
0.0031346
-0.00013678
-0.00013678
0.00043419
-2.0631e-05
0.0089045
-0.00052565
0.00035802
0.00065545
-0.0006019
-0.00013678
-0.0041935
-0.0077347
0.0031346
-0.00013678
-0.00013678
0.00043419
-2.0631e-05
0.0089045
-0.00052565
0.00035802
0.00065545
-0.0006019
-0.00013678
-0.0041935
-0.0077347
0.0031346
-0.00013678
-0.00013678
0.00043419
-2.0631e-05
0.0089045
-0.00052565
0.00035802
0.00065545
-0.0006019
-0.00013678
-0.0041935
-0.0077347
0.0031346
-0.00013678
-0.00013678
0.00043419
-2.0631e-05
0.0089045
-0.00052565
0.00035802
0.00065545
-0.0006019
-0.00013678
0.020968
0.038674
-0.015673
0.0006839
0.0006839
-0.002171
0.00010316
-0.044523
0.0026283
-0.0017901
-0.0032773
0.0030095
0.0006839
-0.0026877
-0.004852
-0.016312
0.001369
0.001369
0.00194
0.0014852
0.01041
0.00098015
0.0018638
0.0021613
0.0009039
0.001369
-0.0026877
-0.004852
-0.016312
0.001369
0.001369
0.00194
0.0014852
0.01041
0.00098015
0.0018638
0.0021613
0.0009039
0.001369
-0.0026877
-0.004852
-0.016312
0.001369
0.001369
0.00194
0.0014852
0.01041
0.00098015
0.0018638
0.0021613
0.0009039
0.001369
-0.0026877
-0.004852
-0.016312
0.001369
0.001369
0.00194
0.0014852
0.01041
0.00098015
0.0018638
0.0021613
0.0009039
0.001369
-0.0026877
-0.004852
-0.016312
0.001369
0.001369
0.00194
0.0014852
0.01041
0.00098015
0.0018638
0.0021613
0.0009039
0.001369
0.013439
0.02426
0.081559
-0.0068451
-0.0068451
-0.0097
-0.0074258
-0.052052
-0.0049007
-0.0093191
-0.010806
-0.0045195
-0.0068451
0.013453
0.012152
0.0064229
0.0064229
-0.07448
0.0061365
0.0064229
0.0097913
0.0072555
0.0064229
0.013453
0.012152
0.0064229
0.0064229
-0.07448
0.0061365
0.0064229
0.0097913
0.0072555
0.0064229
0.013453
0.012152
0.0064229
0.0064229
-0.07448
0.0061365
0.0064229
0.0097913
0.0072555
0.0064229
0.013453
0.012152
0.0064229
0.0064229
-0.07448
0.0061365
0.0064229
0.0097913
0.0072555
0.0064229
0.013453
0.012152
0.0064229
0.0064229
-0.07448
0.0061365
0.0064229
0.0097913
0.0072555
0.0064229
-0.067264
-0.06076
-0.032114
-0.032114
0.3724
-0.030682
-0.032114
-0.048956
-0.036277
-0.032114
0.0070699
0.005769
3.9889e-05
3.9889e-05
-0.017033
-0.00024656
3.9889e-05
0.0034083
0.00087249
3.9889e-05
0.0070699
0.005769
3.9889e-05
3.9889e-05
-0.017033
-0.00024656
3.9889e-05
0.0034083
0.00087249
3.9889e-05
0.0070699
0.005769
3.9889e-05
3.9889e-05
-0.017033
-0.00024656
3.9889e-05
0.0034083
0.00087249
3.9889e-05
0.0070699
0.005769
3.9889e-05
3.9889e-05
-0.017033
-0.00024656
3.9889e-05
0.0034083
0.00087249
3.9889e-05
0.0070699
0.005769
3.9889e-05
3.9889e-05
-0.017033
-0.00024656
3.9889e-05
0.0034083
0.00087249
3.9889e-05
-0.035349
-0.028845
-0.00019944
-0.00019944
0.085163
0.0012328
-0.00019944
-0.017041
-0.0043624
-0.00019944
0.0070699
0.005769
3.9889e-05
3.9889e-05
-0.017033
-0.00024656
3.9889e-05
0.0034083
0.00087249
3.9889e-05
0.0070699
0.005769
3.9889e-05
3.9889e-05
-0.017033
-0.00024656
3.9889e-05
0.0034083
0.00087249
3.9889e-05
0.0070699
0.005769
3.9889e-05
3.9889e-05
-0.017033
-0.00024656
3.9889e-05
0.0034083
0.00087249
3.9889e-05
0.0070699
0.005769
3.9889e-05
3.9889e-05
-0.017033
-0.00024656
3.9889e-05
0.0034083
0.00087249
3.9889e-05
0.0070699
0.005769
3.9889e-05
3.9889e-05
-0.017033
-0.00024656
3.9889e-05
0.0034083
0.00087249
3.9889e-05
-0.035349
-0.028845
-0.00019944
-0.00019944
0.085163
0.0012328
-0.00019944
-0.017041
-0.0043624
-0.00019944
0.0059079
0.0046071
-0.0011221
-0.0011221
-0.034338
-0.0014085
-0.0011221
0.03001
-0.00028949
-0.0011221
0.0059079
0.0046071
-0.0011221
-0.0011221
-0.034338
-0.0014085
-0.0011221
0.03001
-0.00028949
-0.0011221
0.0059079
0.0046071
-0.0011221
-0.0011221
-0.034338
-0.0014085
-0.0011221
0.03001
-0.00028949
-0.0011221
0.0059079
0.0046071
-0.0011221
-0.0011221
-0.034338
-0.0014085
-0.0011221
0.03001
-0.00028949
-0.0011221
0.0059079
0.0046071
-0.0011221
-0.0011221
-0.034338
-0.0014085
-0.0011221
0.03001
-0.00028949
-0.0011221
-0.029539
-0.023035
0.0056104
0.0056104
0.17169
0.0070427
0.0056104
-0.15005
0.0014475
0.0056104
0.0084566
0.042892
0.0014266
0.0014266
-0.065249
0.0011402
0.0014266
0.004795
0.0022592
0.0014266
0.0084566
0.042892
0.0014266
0.0014266
-0.065249
0.0011402
0.0014266
0.004795
0.0022592
0.0014266
0.0084566
0.042892
0.0014266
0.0014266
-0.065249
0.0011402
0.0014266
0.004795
0.0022592
0.0014266
0.0084566
0.042892
0.0014266
0.0014266
-0.065249
0.0011402
0.0014266
0.004795
0.0022592
0.0014266
0.0084566
0.042892
0.0014266
0.0014266
-0.065249
0.0011402
0.0014266
0.004795
0.0022592
0.0014266
-0.042283
-0.21446
-0.0071331
-0.0071331
0.32625
-0.0057008
-0.0071331
-0.023975
-0.011296
-0.0071331
-0.062038
-0.068242
0.0022069
0.0022069
0.15225
0.0053578
0.0022069
-0.029201
-0.0069517
0.0022069
-0.062038
-0.068242
0.0022069
0.0022069
0.15225
0.0053578
0.0022069
-0.029201
-0.0069517
0.0022069
-0.062038
-0.068242
0.0022069
0.0022069
0.15225
0.0053578
0.0022069
-0.029201
-0.0069517
0.0022069
-0.062038
-0.068242
0.0022069
0.0022069
0.15225
0.0053578
0.0022069
-0.029201
-0.0069517
0.0022069
-0.062038
-0.068242
0.0022069
0.0022069
0.15225
0.0053578
0.0022069
-0.029201
-0.0069517
0.0022069
0.31019
0.34121
-0.011035
-0.011035
-0.76124
-0.026789
-0.011035
0.146
0.034758
-0.011035
-0.01469
-0.031213
-0.0086351
-0.0086351
0.13584
-0.0089216
-0.0086351
-0.038675
-0.0078025
-0.0086351
-0.01469
-0.031213
-0.0086351
-0.0086351
0.13584
-0.0089216
-0.0086351
-0.038675
-0.0078025
-0.0086351
-0.01469
-0.031213
-0.0086351
-0.0086351
0.13584
-0.0089216
-0.0086351
-0.038675
-0.0078025
-0.0086351
-0.01469
-0.031213
-0.0086351
-0.0086351
0.13584
-0.0089216
-0.0086351
-0.038675
-0.0078025
-0.0086351
-0.01469
-0.031213
-0.0086351
-0.0086351
0.13584
-0.0089216
-0.0086351
-0.038675
-0.0078025
-0.0086351
0.073449
0.15607
0.043176
0.043176
-0.67921
0.044608
0.043176
0.19337
0.039013
0.043176
-0.013924
-0.015225
-0.020954
-0.020954
0.17191
-0.021241
-0.020954
-0.017586
-0.020122
-0.020954
-0.013924
-0.015225
-0.020954
-0.020954
0.17191
-0.021241
-0.020954
-0.017586
-0.020122
-0.020954
-0.013924
-0.015225
-0.020954
-0.020954
0.17191
-0.021241
-0.020954
-0.017586
-0.020122
-0.020954
-0.013924
-0.015225
-0.020954
-0.020954
0.17191
-0.021241
-0.020954
-0.017586
-0.020122
-0.020954
-0.013924
-0.015225
-0.020954
-0.020954
0.17191
-0.021241
-0.020954
-0.017586
-0.020122
-0.020954
0.069621
0.076125
0.10477
0.10477
-0.85957
0.1062
0.10477
0.087929
0.10061
0.10477
0.014364
0.013063
0.0073341
0.0073341
-0.082681
0.0070477
0.0073341
0.010702
0.0081667
0.0073341
0.014364
0.013063
0.0073341
0.0073341
-0.082681
0.0070477
0.0073341
0.010702
0.0081667
0.0073341
0.014364
0.013063
0.0073341
0.0073341
-0.082681
0.0070477
0.0073341
0.010702
0.0081667
0.0073341
0.014364
0.013063
0.0073341
0.0073341
-0.082681
0.0070477
0.0073341
0.010702
0.0081667
0.0073341
0.014364
0.013063
0.0073341
0.0073341
-0.082681
0.0070477
0.0073341
0.010702
0.0081667
0.0073341
-0.07182
-0.065316
-0.036671
-0.036671
0.4134
-0.035238
-0.036671
-0.053512
-0.040834
-0.036671
0.014981
0.01368
0.007951
0.007951
-0.088232
0.0076645
0.007951
0.011319
0.0087836
0.007951
0.014981
0.01368
0.007951
0.007951
-0.088232
0.0076645
0.007951
0.011319
0.0087836
0.007951
0.014981
0.01368
0.007951
0.007951
-0.088232
0.0076645
0.007951
0.011319
0.0087836
0.007951
0.014981
0.01368
0.007951
0.007951
-0.088232
0.0076645
0.007951
0.011319
0.0087836
0.007951
0.014981
0.01368
0.007951
0.007951
-0.088232
0.0076645
0.007951
0.011319
0.0087836
0.007951
-0.074905
-0.068401
-0.039755
-0.039755
0.44116
-0.038323
-0.039755
-0.056597
-0.043918
-0.039755
0.01228
0.010979
0.0052501
0.0052501
-0.063925
0.0049637
0.0052501
0.0086185
0.0060827
0.0052501
0.01228
0.010979
0.0052501
0.0052501
-0.063925
0.0049637
0.0052501
0.0086185
0.0060827
0.0052501
0.01228
0.010979
0.0052501
0.0052501
-0.063925
0.0049637
0.0052501
0.0086185
0.0060827
0.0052501
0.01228
0.010979
0.0052501
0.0052501
-0.063925
0.0049637
0.0052501
0.0086185
0.0060827
0.0052501
0.01228
0.010979
0.0052501
0.0052501
-0.063925
0.0049637
0.0052501
0.0086185
0.0060827
0.0052501
-0.061401
-0.054896
-0.026251
-0.026251
0.31962
-0.024818
-0.026251
-0.043093
-0.030414
-0.026251
0.0070699
0.005769
3.9889e-05
3.9889e-05
-0.017033
-0.00024656
3.9889e-05
0.0034083
0.00087249
3.9889e-05
0.0070699
0.005769
3.9889e-05
3.9889e-05
-0.017033
-0.00024656
3.9889e-05
0.0034083
0.00087249
3.9889e-05
0.0070699
0.005769
3.9889e-05
3.9889e-05
-0.017033
-0.00024656
3.9889e-05
0.0034083
0.00087249
3.9889e-05
0.0070699
0.005769
3.9889e-05
3.9889e-05
-0.017033
-0.00024656
3.9889e-05
0.0034083
0.00087249
3.9889e-05
0.0070699
0.005769
3.9889e-05
3.9889e-05
-0.017033
-0.00024656
3.9889e-05
0.0034083
0.00087249
3.9889e-05
-0.035349
-0.028845
-0.00019944
-0.00019944
0.085163
0.0012328
-0.00019944
-0.017041
-0.0043624
-0.00019944
-0.0034721
-0.0034721
-0.0034721
-0.0034721
0.032203
-0.0034721
-0.0044259
-0.0034721
-0.0034721
-0.0034721
0.00026425
0.00026425
0.00026425
0.00026425
-0.0014244
0.00026425
-0.00068956
0.00026425
0.00026425
0.00026425
0.00057513
0.00057513
0.00057513
0.00057513
-0.0042224
0.00057513
-0.00037867
0.00057513
0.00057513
0.00057513
0.00083731
0.00083731
0.00083731
0.00083731
-0.0065819
0.00083731
-0.0001165
0.00083731
0.00083731
0.00083731
-0.00025281
-0.00025281
-0.00025281
-0.00025281
0.0032291
-0.00025281
-0.0012066
-0.00025281
-0.00025281
-0.00025281
-0.00040265
-0.00040265
-0.00040265
-0.00040265
-0.0078219
-0.00040265
0.011043
-0.00040265
-0.00040265
-0.00040265
0.00083731
0.00083731
0.00083731
0.00083731
-0.0065819
0.00083731
-0.0001165
0.00083731
0.00083731
0.00083731
-0.002573
-0.002573
-0.002573
-0.002573
0.02411
-0.002573
-0.0035268
-0.002573
-0.002573
-0.002573
0.00083731
0.00083731
0.00083731
0.00083731
-0.0065819
0.00083731
-0.0001165
0.00083731
0.00083731
0.00083731
0.00083731
0.00083731
0.00083731
0.00083731
-0.0065819
0.00083731
-0.0001165
0.00083731
0.00083731
0.00083731
0.00083731
0.00083731
0.00083731
0.00083731
-0.0065819
0.00083731
-0.0001165
0.00083731
0.00083731
0.00083731
0.00083731
0.00083731
0.00083731
0.00083731
-0.0065819
0.00083731
-0.0001165
0.00083731
0.00083731
0.00083731
0.00083731
0.00083731
0.00083731
0.00083731
-0.0065819
0.00083731
-0.0001165
0.00083731
0.00083731
0.00083731
-0.0034721
-0.0034721
-0.0034721
-0.0034721
0.032203
-0.0034721
-0.0044259
-0.0034721
-0.0034721
-0.0034721
0.00026425
0.00026425
0.00026425
0.00026425
-0.0014244
0.00026425
-0.00068956
0.00026425
0.00026425
0.00026425
0.00057513
0.00057513
0.00057513
0.00057513
-0.0042224
0.00057513
-0.00037867
0.00057513
0.00057513
0.00057513
0.00083731
0.00083731
0.00083731
0.00083731
-0.0065819
0.00083731
-0.0001165
0.00083731
0.00083731
0.00083731
-0.00025281
-0.00025281
-0.00025281
-0.00025281
0.0032291
-0.00025281
-0.0012066
-0.00025281
-0.00025281
-0.00025281
-0.00040265
-0.00040265
-0.00040265
-0.00040265
-0.0078219
-0.00040265
0.011043
-0.00040265
-0.00040265
-0.00040265
0.00083731
0.00083731
0.00083731
0.00083731
-0.0065819
0.00083731
-0.0001165
0.00083731
0.00083731
0.00083731
-0.002573
-0.002573
-0.002573
-0.002573
0.02411
-0.002573
-0.0035268
-0.002573
-0.002573
-0.002573
0.00083731
0.00083731
0.00083731
0.00083731
-0.0065819
0.00083731
-0.0001165
0.00083731
0.00083731
0.00083731
0.00083731
0.00083731
0.00083731
0.00083731
-0.0065819
0.00083731
-0.0001165
0.00083731
0.00083731
0.00083731
0.00083731
0.00083731
0.00083731
0.00083731
-0.0065819
0.00083731
-0.0001165
0.00083731
0.00083731
0.00083731
0.00083731
0.00083731
0.00083731
0.00083731
-0.0065819
0.00083731
-0.0001165
0.00083731
0.00083731
0.00083731
0.00083731
0.00083731
0.00083731
0.00083731
-0.0065819
0.00083731
-0.0001165
0.00083731
0.00083731
0.00083731
-0.0034721
-0.0034721
-0.0034721
-0.0034721
0.032203
-0.0034721
-0.0044259
-0.0034721
-0.0034721
-0.0034721
0.00026425
0.00026425
0.00026425
0.00026425
-0.0014244
0.00026425
-0.00068956
0.00026425
0.00026425
0.00026425
0.00057513
0.00057513
0.00057513
0.00057513
-0.0042224
0.00057513
-0.00037867
0.00057513
0.00057513
0.00057513
0.00083731
0.00083731
0.00083731
0.00083731
-0.0065819
0.00083731
-0.0001165
0.00083731
0.00083731
0.00083731
-0.00025281
-0.00025281
-0.00025281
-0.00025281
0.0032291
-0.00025281
-0.0012066
-0.00025281
-0.00025281
-0.00025281
-0.00040265
-0.00040265
-0.00040265
-0.00040265
-0.0078219
-0.00040265
0.011043
-0.00040265
-0.00040265
-0.00040265
0.00083731
0.00083731
0.00083731
0.00083731
-0.0065819
0.00083731
-0.0001165
0.00083731
0.00083731
0.00083731
-0.002573
-0.002573
-0.002573
-0.002573
0.02411
-0.002573
-0.0035268
-0.002573
-0.002573
-0.002573
0.00083731
0.00083731
0.00083731
0.00083731
-0.0065819
0.00083731
-0.0001165
0.00083731
0.00083731
0.00083731
0.00083731
0.00083731
0.00083731
0.00083731
-0.0065819
0.00083731
-0.0001165
0.00083731
0.00083731
0.00083731
0.00083731
0.00083731
0.00083731
0.00083731
-0.0065819
0.00083731
-0.0001165
0.00083731
0.00083731
0.00083731
0.00083731
0.00083731
0.00083731
0.00083731
-0.0065819
0.00083731
-0.0001165
0.00083731
0.00083731
0.00083731
0.00083731
0.00083731
0.00083731
0.00083731
-0.0065819
0.00083731
-0.0001165
0.00083731
0.00083731
0.00083731
-0.0034721
-0.0034721
-0.0034721
-0.0034721
0.032203
-0.0034721
-0.0044259
-0.0034721
-0.0034721
-0.0034721
0.00026425
0.00026425
0.00026425
0.00026425
-0.0014244
0.00026425
-0.00068956
0.00026425
0.00026425
0.00026425
0.00057513
0.00057513
0.00057513
0.00057513
-0.0042224
0.00057513
-0.00037867
0.00057513
0.00057513
0.00057513
0.00083731
0.00083731
0.00083731
0.00083731
-0.0065819
0.00083731
-0.0001165
0.00083731
0.00083731
0.00083731
-0.00025281
-0.00025281
-0.00025281
-0.00025281
0.0032291
-0.00025281
-0.0012066
-0.00025281
-0.00025281
-0.00025281
-0.00040265
-0.00040265
-0.00040265
-0.00040265
-0.0078219
-0.00040265
0.011043
-0.00040265
-0.00040265
-0.00040265
0.00083731
0.00083731
0.00083731
0.00083731
-0.0065819
0.00083731
-0.0001165
0.00083731
0.00083731
0.00083731
-0.002573
-0.002573
-0.002573
-0.002573
0.02411
-0.002573
-0.0035268
-0.002573
-0.002573
-0.002573
0.00083731
0.00083731
0.00083731
0.00083731
-0.0065819
0.00083731
-0.0001165
0.00083731
0.00083731
0.00083731
0.00083731
0.00083731
0.00083731
0.00083731
-0.0065819
0.00083731
-0.0001165
0.00083731
0.00083731
0.00083731
0.00083731
0.00083731
0.00083731
0.00083731
-0.0065819
0.00083731
-0.0001165
0.00083731
0.00083731
0.00083731
0.00083731
0.00083731
0.00083731
0.00083731
-0.0065819
0.00083731
-0.0001165
0.00083731
0.00083731
0.00083731
0.00083731
0.00083731
0.00083731
0.00083731
-0.0065819
0.00083731
-0.0001165
0.00083731
0.00083731
0.00083731
0.018023
0.018023
0.018023
0.018023
-0.16125
0.018023
0.017069
0.018023
0.018023
0.018023
-0.001527
-0.001527
-0.001527
-0.001527
0.014697
-0.001527
-0.0024808
-0.001527
-0.001527
-0.001527
-0.0012161
-0.0012161
-0.0012161
-0.0012161
0.011899
-0.0012161
-0.0021699
-0.0012161
-0.0012161
-0.0012161
-0.00095392
-0.00095392
-0.00095392
-0.00095392
0.0095391
-0.00095392
-0.0019077
-0.00095392
-0.00095392
-0.00095392
-0.002044
-0.002044
-0.002044
-0.002044
0.01935
-0.002044
-0.0029978
-0.002044
-0.002044
-0.002044
-0.0021939
-0.0021939
-0.0021939
-0.0021939
0.0082992
-0.0021939
0.0092518
-0.0021939
-0.0021939
-0.0021939
-0.00095392
-0.00095392
-0.00095392
-0.00095392
0.0095391
-0.00095392
-0.0019077
-0.00095392
-0.00095392
-0.00095392
-0.0043642
-0.0043642
-0.0043642
-0.0043642
0.040231
-0.0043642
-0.005318
-0.0043642
-0.0043642
-0.0043642
-0.00095392
-0.00095392
-0.00095392
-0.00095392
0.0095391
-0.00095392
-0.0019077
-0.00095392
-0.00095392
-0.00095392
-0.00095392
-0.00095392
-0.00095392
-0.00095392
0.0095391
-0.00095392
-0.0019077
-0.00095392
-0.00095392
-0.00095392
-0.00095392
-0.00095392
-0.00095392
-0.00095392
0.0095391
-0.00095392
-0.0019077
-0.00095392
-0.00095392
-0.00095392
-0.00095392
-0.00095392
-0.00095392
-0.00095392
0.0095391
-0.00095392
-0.0019077
-0.00095392
-0.00095392
-0.00095392
-0.00095392
-0.00095392
-0.00095392
-0.00095392
0.0095391
-0.00095392
-0.0019077
-0.00095392
-0.00095392
-0.00095392
-0.0034721
-0.0034721
-0.0034721
-0.0034721
0.032203
-0.0034721
-0.0044259
-0.0034721
-0.0034721
-0.0034721
0.00026425
0.00026425
0.00026425
0.00026425
-0.0014244
0.00026425
-0.00068956
0.00026425
0.00026425
0.00026425
0.00057513
0.00057513
0.00057513
0.00057513
-0.0042224
0.00057513
-0.00037867
0.00057513
0.00057513
0.00057513
0.00083731
0.00083731
0.00083731
0.00083731
-0.0065819
0.00083731
-0.0001165
0.00083731
0.00083731
0.00083731
-0.00025281
-0.00025281
-0.00025281
-0.00025281
0.0032291
-0.00025281
-0.0012066
-0.00025281
-0.00025281
-0.00025281
-0.00040265
-0.00040265
-0.00040265
-0.00040265
-0.0078219
-0.00040265
0.011043
-0.00040265
-0.00040265
-0.00040265
0.00083731
0.00083731
0.00083731
0.00083731
-0.0065819
0.00083731
-0.0001165
0.00083731
0.00083731
0.00083731
-0.002573
-0.002573
-0.002573
-0.002573
0.02411
-0.002573
-0.0035268
-0.002573
-0.002573
-0.002573
0.00083731
0.00083731
0.00083731
0.00083731
-0.0065819
0.00083731
-0.0001165
0.00083731
0.00083731
0.00083731
0.00083731
0.00083731
0.00083731
0.00083731
-0.0065819
0.00083731
-0.0001165
0.00083731
0.00083731
0.00083731
0.00083731
0.00083731
0.00083731
0.00083731
-0.0065819
0.00083731
-0.0001165
0.00083731
0.00083731
0.00083731
0.00083731
0.00083731
0.00083731
0.00083731
-0.0065819
0.00083731
-0.0001165
0.00083731
0.00083731
0.00083731
0.00083731
0.00083731
0.00083731
0.00083731
-0.0065819
0.00083731
-0.0001165
0.00083731
0.00083731
0.00083731
-0.0056229
-0.0056229
-0.0056229
-0.0056229
0.040115
-0.0056229
0.004869
-0.0056229
-0.0056229
-0.0056229
-0.0018866
-0.0018866
-0.0018866
-0.0018866
0.0064873
-0.0018866
0.0086053
-0.0018866
-0.0018866
-0.0018866
-0.0015757
-0.0015757
-0.0015757
-0.0015757
0.0036894
-0.0015757
0.0089162
-0.0015757
-0.0015757
-0.0015757
-0.0013135
-0.0013135
-0.0013135
-0.0013135
0.0013298
-0.0013135
0.0091784
-0.0013135
-0.0013135
-0.0013135
0.010678
0.010678
0.010678
0.010678
-0.10659
0.010678
0.02117
0.010678
0.010678
0.010678
0.012326
0.012326
0.012326
0.012326
0.014969
0.012326
-0.11358
0.012326
0.012326
0.012326
-0.0013135
-0.0013135
-0.0013135
-0.0013135
0.0013298
-0.0013135
0.0091784
-0.0013135
-0.0013135
-0.0013135
-0.0047238
-0.0047238
-0.0047238
-0.0047238
0.032022
-0.0047238
0.0057681
-0.0047238
-0.0047238
-0.0047238
-0.0013135
-0.0013135
-0.0013135
-0.0013135
0.0013298
-0.0013135
0.0091784
-0.0013135
-0.0013135
-0.0013135
-0.0013135
-0.0013135
-0.0013135
-0.0013135
0.0013298
-0.0013135
0.0091784
-0.0013135
-0.0013135
-0.0013135
-0.0013135
-0.0013135
-0.0013135
-0.0013135
0.0013298
-0.0013135
0.0091784
-0.0013135
-0.0013135
-0.0013135
-0.0013135
-0.0013135
-0.0013135
-0.0013135
0.0013298
-0.0013135
0.0091784
-0.0013135
-0.0013135
-0.0013135
-0.0013135
-0.0013135
-0.0013135
-0.0013135
0.0013298
-0.0013135
0.0091784
-0.0013135
-0.0013135
-0.0013135
-0.0042431
-0.0042431
-0.0042431
-0.0042431
0.039142
-0.0042431
-0.0051969
-0.0042431
-0.0042431
-0.0042431
0.00637
0.00637
0.00637
0.00637
-0.056376
0.00637
0.0054161
0.00637
0.00637
0.00637
0.0029502
0.0029502
0.0029502
0.0029502
-0.025598
0.0029502
0.0019964
0.0029502
0.0029502
0.0029502
6.6326e-05
6.6326e-05
6.6326e-05
6.6326e-05
0.00035688
6.6326e-05
-0.00088748
6.6326e-05
6.6326e-05
6.6326e-05
-0.0010238
-0.0010238
-0.0010238
-0.0010238
0.010168
-0.0010238
-0.0019776
-0.0010238
-0.0010238
-0.0010238
-0.0011736
-0.0011736
-0.0011736
-0.0011736
-0.00088307
-0.0011736
0.010272
-0.0011736
-0.0011736
-0.0011736
6.6326e-05
6.6326e-05
6.6326e-05
6.6326e-05
0.00035688
6.6326e-05
-0.00088748
6.6326e-05
6.6326e-05
6.6326e-05
-0.0033439
-0.0033439
-0.0033439
-0.0033439
0.031049
-0.0033439
-0.0042977
-0.0033439
-0.0033439
-0.0033439
6.6326e-05
6.6326e-05
6.6326e-05
6.6326e-05
0.00035688
6.6326e-05
-0.00088748
6.6326e-05
6.6326e-05
6.6326e-05
6.6326e-05
6.6326e-05
6.6326e-05
6.6326e-05
0.00035688
6.6326e-05
-0.00088748
6.6326e-05
6.6326e-05
6.6326e-05
6.6326e-05
6.6326e-05
6.6326e-05
6.6326e-05
0.00035688
6.6326e-05
-0.00088748
6.6326e-05
6.6326e-05
6.6326e-05
6.6326e-05
6.6326e-05
6.6326e-05
6.6326e-05
0.00035688
6.6326e-05
-0.00088748
6.6326e-05
6.6326e-05
6.6326e-05
6.6326e-05
6.6326e-05
6.6326e-05
6.6326e-05
0.00035688
6.6326e-05
-0.00088748
6.6326e-05
6.6326e-05
6.6326e-05
0.022768
0.022768
0.022768
0.022768
-0.20396
0.022768
0.021814
0.022768
0.022768
0.022768
-0.0019224
-0.0019224
-0.0019224
-0.0019224
0.018256
-0.0019224
-0.0028763
-0.0019224
-0.0019224
-0.0019224
-0.0016116
-0.0016116
-0.0016116
-0.0016116
0.015458
-0.0016116
-0.0025654
-0.0016116
-0.0016116
-0.0016116
-0.0013494
-0.0013494
-0.0013494
-0.0013494
0.013098
-0.0013494
-0.0023032
-0.0013494
-0.0013494
-0.0013494
-0.0024395
-0.0024395
-0.0024395
-0.0024395
0.022909
-0.0024395
-0.0033933
-0.0024395
-0.0024395
-0.0024395
-0.0025893
-0.0025893
-0.0025893
-0.0025893
0.011858
-0.0025893
0.0088564
-0.0025893
-0.0025893
-0.0025893
-0.0013494
-0.0013494
-0.0013494
-0.0013494
0.013098
-0.0013494
-0.0023032
-0.0013494
-0.0013494
-0.0013494
-0.0047596
-0.0047596
-0.0047596
-0.0047596
0.043791
-0.0047596
-0.0057135
-0.0047596
-0.0047596
-0.0047596
-0.0013494
-0.0013494
-0.0013494
-0.0013494
0.013098
-0.0013494
-0.0023032
-0.0013494
-0.0013494
-0.0013494
-0.0013494
-0.0013494
-0.0013494
-0.0013494
0.013098
-0.0013494
-0.0023032
-0.0013494
-0.0013494
-0.0013494
-0.0013494
-0.0013494
-0.0013494
-0.0013494
0.013098
-0.0013494
-0.0023032
-0.0013494
-0.0013494
-0.0013494
-0.0013494
-0.0013494
-0.0013494
-0.0013494
0.013098
-0.0013494
-0.0023032
-0.0013494
-0.0013494
-0.0013494
-0.0013494
-0.0013494
-0.0013494
-0.0013494
0.013098
-0.0013494
-0.0023032
-0.0013494
-0.0013494
-0.0013494
-0.0034721
-0.0034721
-0.0034721
-0.0034721
0.032203
-0.0034721
-0.0044259
-0.0034721
-0.0034721
-0.0034721
0.00026425
0.00026425
0.00026425
0.00026425
-0.0014244
0.00026425
-0.00068956
0.00026425
0.00026425
0.00026425
0.00057513
0.00057513
0.00057513
0.00057513
-0.0042224
0.00057513
-0.00037867
0.00057513
0.00057513
0.00057513
0.00083731
0.00083731
0.00083731
0.00083731
-0.0065819
0.00083731
-0.0001165
0.00083731
0.00083731
0.00083731
-0.00025281
-0.00025281
-0.00025281
-0.00025281
0.0032291
-0.00025281
-0.0012066
-0.00025281
-0.00025281
-0.00025281
-0.00040265
-0.00040265
-0.00040265
-0.00040265
-0.0078219
-0.00040265
0.011043
-0.00040265
-0.00040265
-0.00040265
0.00083731
0.00083731
0.00083731
0.00083731
-0.0065819
0.00083731
-0.0001165
0.00083731
0.00083731
0.00083731
-0.002573
-0.002573
-0.002573
-0.002573
0.02411
-0.002573
-0.0035268
-0.002573
-0.002573
-0.002573
0.00083731
0.00083731
0.00083731
0.00083731
-0.0065819
0.00083731
-0.0001165
0.00083731
0.00083731
0.00083731
0.00083731
0.00083731
0.00083731
0.00083731
-0.0065819
0.00083731
-0.0001165
0.00083731
0.00083731
0.00083731
0.00083731
0.00083731
0.00083731
0.00083731
-0.0065819
0.00083731
-0.0001165
0.00083731
0.00083731
0.00083731
0.00083731
0.00083731
0.00083731
0.00083731
-0.0065819
0.00083731
-0.0001165
0.00083731
0.00083731
0.00083731
0.00083731
0.00083731
0.00083731
0.00083731
-0.0065819
0.00083731
-0.0001165
0.00083731
0.00083731
0.00083731
-0.00662
-0.00662
-0.00662
-0.00662
0.060534
-0.00662
-0.0075739
-0.00662
-0.00662
-0.00662
-0.0028837
-0.0028837
-0.0028837
-0.0028837
0.026907
-0.0028837
-0.0038375
-0.0028837
-0.0028837
-0.0028837
-0.0025728
-0.0025728
-0.0025728
-0.0025728
0.024109
-0.0025728
-0.0035266
-0.0025728
-0.0025728
-0.0025728
-0.0023106
-0.0023106
-0.0023106
-0.0023106
0.021749
-0.0023106
-0.0032644
-0.0023106
-0.0023106
-0.0023106
-0.0034007
-0.0034007
-0.0034007
-0.0034007
0.031561
-0.0034007
-0.0043546
-0.0034007
-0.0034007
-0.0034007
-0.0035506
-0.0035506
-0.0035506
-0.0035506
0.02051
-0.0035506
0.0078951
-0.0035506
-0.0035506
-0.0035506
-0.0023106
-0.0023106
-0.0023106
-0.0023106
0.021749
-0.0023106
-0.0032644
-0.0023106
-0.0023106
-0.0023106
0.035202
0.035202
0.035202
0.035202
-0.31587
0.035202
0.034248
0.035202
0.035202
0.035202
-0.0023106
-0.0023106
-0.0023106
-0.0023106
0.021749
-0.0023106
-0.0032644
-0.0023106
-0.0023106
-0.0023106
-0.0023106
-0.0023106
-0.0023106
-0.0023106
0.021749
-0.0023106
-0.0032644
-0.0023106
-0.0023106
-0.0023106
-0.0023106
-0.0023106
-0.0023106
-0.0023106
0.021749
-0.0023106
-0.0032644
-0.0023106
-0.0023106
-0.0023106
-0.0023106
-0.0023106
-0.0023106
-0.0023106
0.021749
-0.0023106
-0.0032644
-0.0023106
-0.0023106
-0.0023106
-0.0023106
-0.0023106
-0.0023106
-0.0023106
0.021749
-0.0023106
-0.0032644
-0.0023106
-0.0023106
-0.0023106
-0.0034721
-0.0034721
-0.0034721
-0.0034721
0.032203
-0.0034721
-0.0044259
-0.0034721
-0.0034721
-0.0034721
0.00026425
0.00026425
0.00026425
0.00026425
-0.0014244
0.00026425
-0.00068956
0.00026425
0.00026425
0.00026425
0.00057513
0.00057513
0.00057513
0.00057513
-0.0042224
0.00057513
-0.00037867
0.00057513
0.00057513
0.00057513
0.00083731
0.00083731
0.00083731
0.00083731
-0.0065819
0.00083731
-0.0001165
0.00083731
0.00083731
0.00083731
-0.00025281
-0.00025281
-0.00025281
-0.00025281
0.0032291
-0.00025281
-0.0012066
-0.00025281
-0.00025281
-0.00025281
-0.00040265
-0.00040265
-0.00040265
-0.00040265
-0.0078219
-0.00040265
0.011043
-0.00040265
-0.00040265
-0.00040265
0.00083731
0.00083731
0.00083731
0.00083731
-0.0065819
0.00083731
-0.0001165
0.00083731
0.00083731
0.00083731
-0.002573
-0.002573
-0.002573
-0.002573
0.02411
-0.002573
-0.0035268
-0.002573
-0.002573
-0.002573
0.00083731
0.00083731
0.00083731
0.00083731
-0.0065819
0.00083731
-0.0001165
0.00083731
0.00083731
0.00083731
0.00083731
0.00083731
0.00083731
0.00083731
-0.0065819
0.00083731
-0.0001165
0.00083731
0.00083731
0.00083731
0.00083731
0.00083731
0.00083731
0.00083731
-0.0065819
0.00083731
-0.0001165
0.00083731
0.00083731
0.00083731
0.00083731
0.00083731
0.00083731
0.00083731
-0.0065819
0.00083731
-0.0001165
0.00083731
0.00083731
0.00083731
0.00083731
0.00083731
0.00083731
0.00083731
-0.0065819
0.00083731
-0.0001165
0.00083731
0.00083731
0.00083731
0.004086
-0.042578
0.004286
0.010789
-0.0027671
0.0060508
0.0054543
0.0047822
0.0056112
0.004286
-0.036426
0.17932
-0.038825
-0.062834
0.16536
-0.03706
-0.037657
-0.038329
-0.054728
-0.038825
0.0047698
-0.010601
0.0049698
0.011473
-0.0020833
-0.016209
-0.0090499
0.005466
0.006295
0.0049698
0.0041844
-0.011187
0.0043844
0.010887
-0.034946
0.0061492
0.0055527
0.0048806
0.0057096
0.0043844
0.00095671
-0.014415
0.0011567
0.0076597
-0.0058964
0.0029215
0.002325
0.0016529
0.0024819
0.0011567
0.0047757
-0.010596
0.0049756
0.011479
-0.040267
0.0067405
0.0061439
0.0054718
0.0063008
0.0049756
0.0036544
-0.011717
0.0038543
0.010357
-0.030175
0.0056192
0.0050226
0.0043505
0.0051795
0.0038543
0.0082205
-0.0071507
0.0084205
-0.051264
0.0013674
0.010185
0.0095888
0.0024659
0.0097457
0.0084205
-0.00025929
-0.015631
-5.9336e-05
0.018604
-0.0071124
0.0017055
0.001109
0.00043688
0.0012659
-5.9336e-05
0.00095671
-0.014415
0.0011567
0.0076597
-0.0058964
0.0029215
0.002325
0.0016529
0.0024819
0.0011567
0.00095671
-0.014415
0.0011567
0.0076597
-0.0058964
0.0029215
0.002325
0.0016529
0.0024819
0.0011567
0.00095671
-0.014415
0.0011567
0.0076597
-0.0058964
0.0029215
0.002325
0.0016529
0.0024819
0.0011567
0.0031673
-0.012204
0.0033672
0.0098703
-0.025791
0.0051321
0.0045355
0.0038634
0.0046924
0.0033672
0.004086
-0.042578
0.004286
0.010789
-0.0027671
0.0060508
0.0054543
0.0047822
0.0056112
0.004286
-0.036426
0.17932
-0.038825
-0.062834
0.16536
-0.03706
-0.037657
-0.038329
-0.054728
-0.038825
0.0047698
-0.010601
0.0049698
0.011473
-0.0020833
-0.016209
-0.0090499
0.005466
0.006295
0.0049698
0.0041844
-0.011187
0.0043844
0.010887
-0.034946
0.0061492
0.0055527
0.0048806
0.0057096
0.0043844
0.00095671
-0.014415
0.0011567
0.0076597
-0.0058964
0.0029215
0.002325
0.0016529
0.0024819
0.0011567
0.0047757
-0.010596
0.0049756
0.011479
-0.040267
0.0067405
0.0061439
0.0054718
0.0063008
0.0049756
0.0036544
-0.011717
0.0038543
0.010357
-0.030175
0.0056192
0.0050226
0.0043505
0.0051795
0.0038543
0.0082205
-0.0071507
0.0084205
-0.051264
0.0013674
0.010185
0.0095888
0.0024659
0.0097457
0.0084205
-0.00025929
-0.015631
-5.9336e-05
0.018604
-0.0071124
0.0017055
0.001109
0.00043688
0.0012659
-5.9336e-05
0.00095671
-0.014415
0.0011567
0.0076597
-0.0058964
0.0029215
0.002325
0.0016529
0.0024819
0.0011567
0.00095671
-0.014415
0.0011567
0.0076597
-0.0058964
0.0029215
0.002325
0.0016529
0.0024819
0.0011567
0.00095671
-0.014415
0.0011567
0.0076597
-0.0058964
0.0029215
0.002325
0.0016529
0.0024819
0.0011567
0.0031673
-0.012204
0.0033672
0.0098703
-0.025791
0.0051321
0.0045355
0.0038634
0.0046924
0.0033672
0.004086
-0.042578
0.004286
0.010789
-0.0027671
0.0060508
0.0054543
0.0047822
0.0056112
0.004286
-0.036426
0.17932
-0.038825
-0.062834
0.16536
-0.03706
-0.037657
-0.038329
-0.054728
-0.038825
0.0047698
-0.010601
0.0049698
0.011473
-0.0020833
-0.016209
-0.0090499
0.005466
0.006295
0.0049698
0.0041844
-0.011187
0.0043844
0.010887
-0.034946
0.0061492
0.0055527
0.0048806
0.0057096
0.0043844
0.00095671
-0.014415
0.0011567
0.0076597
-0.0058964
0.0029215
0.002325
0.0016529
0.0024819
0.0011567
0.0047757
-0.010596
0.0049756
0.011479
-0.040267
0.0067405
0.0061439
0.0054718
0.0063008
0.0049756
0.0036544
-0.011717
0.0038543
0.010357
-0.030175
0.0056192
0.0050226
0.0043505
0.0051795
0.0038543
0.0082205
-0.0071507
0.0084205
-0.051264
0.0013674
0.010185
0.0095888
0.0024659
0.0097457
0.0084205
-0.00025929
-0.015631
-5.9336e-05
0.018604
-0.0071124
0.0017055
0.001109
0.00043688
0.0012659
-5.9336e-05
0.00095671
-0.014415
0.0011567
0.0076597
-0.0058964
0.0029215
0.002325
0.0016529
0.0024819
0.0011567
0.00095671
-0.014415
0.0011567
0.0076597
-0.0058964
0.0029215
0.002325
0.0016529
0.0024819
0.0011567
0.00095671
-0.014415
0.0011567
0.0076597
-0.0058964
0.0029215
0.002325
0.0016529
0.0024819
0.0011567
0.0031673
-0.012204
0.0033672
0.0098703
-0.025791
0.0051321
0.0045355
0.0038634
0.0046924
0.0033672
0.004086
-0.042578
0.004286
0.010789
-0.0027671
0.0060508
0.0054543
0.0047822
0.0056112
0.004286
-0.036426
0.17932
-0.038825
-0.062834
0.16536
-0.03706
-0.037657
-0.038329
-0.054728
-0.038825
0.0047698
-0.010601
0.0049698
0.011473
-0.0020833
-0.016209
-0.0090499
0.005466
0.006295
0.0049698
0.0041844
-0.011187
0.0043844
0.010887
-0.034946
0.0061492
0.0055527
0.0048806
0.0057096
0.0043844
0.00095671
-0.014415
0.0011567
0.0076597
-0.0058964
0.0029215
0.002325
0.0016529
0.0024819
0.0011567
0.0047757
-0.010596
0.0049756
0.011479
-0.040267
0.0067405
0.0061439
0.0054718
0.0063008
0.0049756
0.0036544
-0.011717
0.0038543
0.010357
-0.030175
0.0056192
0.0050226
0.0043505
0.0051795
0.0038543
0.0082205
-0.0071507
0.0084205
-0.051264
0.0013674
0.010185
0.0095888
0.0024659
0.0097457
0.0084205
-0.00025929
-0.015631
-5.9336e-05
0.018604
-0.0071124
0.0017055
0.001109
0.00043688
0.0012659
-5.9336e-05
0.00095671
-0.014415
0.0011567
0.0076597
-0.0058964
0.0029215
0.002325
0.0016529
0.0024819
0.0011567
0.00095671
-0.014415
0.0011567
0.0076597
-0.0058964
0.0029215
0.002325
0.0016529
0.0024819
0.0011567
0.00095671
-0.014415
0.0011567
0.0076597
-0.0058964
0.0029215
0.002325
0.0016529
0.0024819
0.0011567
0.0031673
-0.012204
0.0033672
0.0098703
-0.025791
0.0051321
0.0045355
0.0038634
0.0046924
0.0033672
0.004086
-0.042578
0.004286
0.010789
-0.0027671
0.0060508
0.0054543
0.0047822
0.0056112
0.004286
-0.036426
0.17932
-0.038825
-0.062834
0.16536
-0.03706
-0.037657
-0.038329
-0.054728
-0.038825
0.0047698
-0.010601
0.0049698
0.011473
-0.0020833
-0.016209
-0.0090499
0.005466
0.006295
0.0049698
0.0041844
-0.011187
0.0043844
0.010887
-0.034946
0.0061492
0.0055527
0.0048806
0.0057096
0.0043844
0.00095671
-0.014415
0.0011567
0.0076597
-0.0058964
0.0029215
0.002325
0.0016529
0.0024819
0.0011567
0.0047757
-0.010596
0.0049756
0.011479
-0.040267
0.0067405
0.0061439
0.0054718
0.0063008
0.0049756
0.0036544
-0.011717
0.0038543
0.010357
-0.030175
0.0056192
0.0050226
0.0043505
0.0051795
0.0038543
0.0082205
-0.0071507
0.0084205
-0.051264
0.0013674
0.010185
0.0095888
0.0024659
0.0097457
0.0084205
-0.00025929
-0.015631
-5.9336e-05
0.018604
-0.0071124
0.0017055
0.001109
0.00043688
0.0012659
-5.9336e-05
0.00095671
-0.014415
0.0011567
0.0076597
-0.0058964
0.0029215
0.002325
0.0016529
0.0024819
0.0011567
0.00095671
-0.014415
0.0011567
0.0076597
-0.0058964
0.0029215
0.002325
0.0016529
0.0024819
0.0011567
0.00095671
-0.014415
0.0011567
0.0076597
-0.0058964
0.0029215
0.002325
0.0016529
0.0024819
0.0011567
0.0031673
-0.012204
0.0033672
0.0098703
-0.025791
0.0051321
0.0045355
0.0038634
0.0046924
0.0033672
-0.02043
0.21289
-0.02143
-0.053945
0.013836
-0.030254
-0.027271
-0.023911
-0.028056
-0.02143
0.18213
-0.89661
0.19413
0.31417
-0.8268
0.1853
0.18828
0.19164
0.27364
0.19413
-0.023849
0.053007
-0.024849
-0.057364
0.010416
0.081043
0.04525
-0.02733
-0.031475
-0.024849
-0.020922
0.055934
-0.021922
-0.054437
0.17473
-0.030746
-0.027763
-0.024403
-0.028548
-0.021922
-0.0047835
0.072073
-0.0057833
-0.038299
0.029482
-0.014608
-0.011625
-0.0082644
-0.012409
-0.0057833
-0.023878
0.052978
-0.024878
-0.057393
0.20133
-0.033702
-0.03072
-0.027359
-0.031504
-0.024878
-0.018272
0.058584
-0.019272
-0.051787
0.15088
-0.028096
-0.025113
-0.021753
-0.025898
-0.019272
-0.041103
0.035754
-0.042102
0.25632
-0.006837
-0.050927
-0.047944
-0.012329
-0.048728
-0.042102
0.0012964
0.078153
0.00029668
-0.093018
0.035562
-0.0085276
-0.0055449
-0.0021844
-0.0063294
0.00029668
-0.0047835
0.072073
-0.0057833
-0.038299
0.029482
-0.014608
-0.011625
-0.0082644
-0.012409
-0.0057833
-0.0047835
0.072073
-0.0057833
-0.038299
0.029482
-0.014608
-0.011625
-0.0082644
-0.012409
-0.0057833
-0.0047835
0.072073
-0.0057833
-0.038299
0.029482
-0.014608
-0.011625
-0.0082644
-0.012409
-0.0057833
-0.015836
0.06102
-0.016836
-0.049351
0.12896
-0.02566
-0.022678
-0.019317
-0.023462
-0.016836
