n
4
q_list
12 6 13 10
site_combn
1
2
3
4
1 2
1 3
1 4
2 3
2 4
3 4
nonspec_type
2
nonspec_param
-0.0072116 1.0832
e
-5.2538
0.12257
-0.70643
-0.22957
-0.24226
0.041932
1.2902
1.4044
-0.58362
-0.082775
-0.13797
-0.17616
-0.70036
-0.75333
-0.44382
-0.11587
-0.93853
-0.44382
2.6954
0.23203
1.4156
0.76299
0.0078432
-0.36088
0.015116
0.03398
0.020003
-0.60741
-0.25822
-0.25731
-0.26359
-0.74012
0.030098
-0.12258
-0.56717
0.17888
1.6874
-0.42148
-0.010182
0.12374
0.076158
-0.97489
-0.15616
-0.15616
-0.15616
-0.15616
-0.15616
0.78078
0.10549
0.10549
0.10549
0.10549
0.10549
-0.52745
0.11169
0.11169
0.11169
0.11169
0.11169
-0.55846
0.10155
0.10155
0.10155
0.10155
0.10155
-0.50774
-0.11208
-0.11208
-0.11208
-0.11208
-0.11208
0.56039
-0.25351
-0.25351
-0.25351
-0.25351
-0.25351
1.2675
-0.20654
-0.20654
-0.20654
-0.20654
-0.20654
1.0327
0.070565
0.070565
0.070565
0.070565
0.070565
-0.35282
-0.009203
-0.009203
-0.009203
-0.009203
-0.009203
0.046015
0.070565
0.070565
0.070565
0.070565
0.070565
-0.35282
0.070565
0.070565
0.070565
0.070565
0.070565
-0.35282
0.20706
0.20706
0.20706
0.20706
0.20706
-1.0353
-0.033378
0.53273
0.009948
-0.055144
-0.051273
-0.055144
-0.055144
-0.049784
-0.041587
-0.058692
-0.055332
-0.046052
-0.04115
0.0084092
0.18286
-0.099839
-0.013357
-0.0094864
-0.013357
-0.013357
-0.0079974
0.00020026
-0.016905
-0.013545
-0.0042649
0.00063641
0.0084092
0.18286
-0.099839
-0.013357
-0.0094864
-0.013357
-0.013357
-0.0079974
0.00020026
-0.016905
-0.013545
-0.0042649
0.00063641
0.038323
-0.17611
-0.069925
0.016557
0.020428
0.016557
0.016557
0.021917
0.030114
0.013009
0.016369
0.025649
0.03055
-0.12569
0.25137
-0.13242
-0.045935
-0.042065
-0.045935
-0.045935
0.38337
-0.032378
-0.049483
-0.046123
-0.036843
-0.031942
0.086792
0.18478
0.29817
-0.011441
-0.054013
-0.011441
-0.011441
-0.11247
-0.11033
0.027588
-0.0093727
-0.11145
-0.16536
-0.019464
0.15499
0.27963
-0.04123
-0.03736
-0.04123
-0.04123
-0.030627
-0.077906
-0.044778
-0.041418
-0.032139
-0.027237
0.18834
-1.9763
0.080095
0.16658
0.17045
0.16658
0.16658
0.17194
0.18013
0.16303
0.16639
0.17567
0.18057
-0.20941
0.20118
-0.083567
0.0049657
0.0088359
0.0049657
0.0049657
0.010325
0.018523
0.0014176
0.0047777
0.014057
0.018959
0.014313
0.06943
-0.093935
-0.0074528
-0.0035826
-0.0074528
-0.0074528
0.040492
0.0061041
-0.011001
-0.0076408
0.0016389
0.0065402
0.041462
0.21591
-0.066786
0.019696
0.023567
0.019696
0.019696
-0.40463
0.033253
0.016148
0.019508
0.028788
0.033689
0.0018844
0.17634
-0.021541
-0.019881
-0.016011
-0.019881
-0.019881
-0.014522
-0.0063246
-0.02343
-0.02007
-0.01079
-0.0058885
-0.066014
-0.064851
-0.024732
-0.024732
0.32163
-0.017592
-0.024732
-0.04518
-0.029063
-0.024732
-0.043252
-0.04209
-0.0019711
-0.0019711
0.11678
0.0051691
-0.0019711
-0.022419
-0.0063022
-0.0019711
-0.0235
-0.022337
0.017781
0.017781
-0.060991
0.024921
0.017781
-0.0026664
0.01345
0.017781
-0.030583
-0.02942
0.010698
0.010698
0.12945
0.017838
0.010698
-0.13644
0.0063672
0.010698
-0.038658
-0.25288
0.0026234
0.0026234
0.29081
0.0097636
0.0026234
-0.017824
-0.0017076
0.0026234
0.28222
0.36007
-0.11326
-0.11326
0.0054934
-0.1918
-0.11326
0.062659
-0.065615
-0.11326
-0.0264
0.09951
-0.04374
-0.04374
0.075009
-0.0366
-0.04374
0.11151
-0.048071
-0.04374
0.19174
0.1929
0.23302
0.23302
-1.9982
0.24016
0.23302
0.21258
0.22869
0.23302
-0.067725
-0.066563
-0.026444
-0.026444
0.33704
-0.019304
-0.026444
-0.046892
-0.030775
-0.026444
-0.07988
-0.078717
-0.038599
-0.038599
0.44643
-0.031459
-0.038599
-0.059046
-0.04293
-0.038599
-0.068834
-0.067671
-0.027553
-0.027553
0.34701
-0.020413
-0.027553
-0.048
-0.031884
-0.027553
-0.029111
-0.027948
0.01217
0.01217
-0.010493
0.01931
0.01217
-0.0082773
0.0078391
0.01217
0.029999
-0.42931
-0.076601
0.026073
0.12075
0.013902
-0.0048294
0.029999
0.15619
0.029999
0.029999
0.029999
0.043826
0.029999
-0.42931
-0.076601
0.026073
0.12075
0.013902
-0.0048294
0.029999
0.15619
0.029999
0.029999
0.029999
0.043826
0.029999
-0.42931
-0.076601
0.026073
0.12075
0.013902
-0.0048294
0.029999
0.15619
0.029999
0.029999
0.029999
0.043826
0.029999
-0.42931
-0.076601
0.026073
0.12075
0.013902
-0.0048294
0.029999
0.15619
0.029999
0.029999
0.029999
0.043826
0.029999
-0.42931
-0.076601
0.026073
0.12075
0.013902
-0.0048294
0.029999
0.15619
0.029999
0.029999
0.029999
0.043826
-0.14999
2.1465
0.38301
-0.13037
-0.60376
-0.069508
0.024147
-0.14999
-0.78095
-0.14999
-0.14999
-0.14999
-0.21913
0.042066
0.058393
0.22428
-0.079614
-0.38054
0.060272
0.058393
-0.050567
-0.012004
0.079324
0.042066
0.058393
0.22428
-0.079614
-0.38054
0.060272
0.058393
-0.050567
-0.012004
0.079324
0.042066
0.058393
0.22428
-0.079614
-0.38054
0.060272
0.058393
-0.050567
-0.012004
0.079324
0.042066
0.058393
0.22428
-0.079614
-0.38054
0.060272
0.058393
-0.050567
-0.012004
0.079324
0.042066
0.058393
0.22428
-0.079614
-0.38054
0.060272
0.058393
-0.050567
-0.012004
0.079324
-0.21033
-0.29196
-1.1214
0.39807
1.9027
-0.30136
-0.29196
0.25284
0.060021
-0.39662
-0.011771
0.33815
-0.030181
-0.080157
-0.058854
-0.039086
-0.029099
-0.033613
-0.040711
-0.014678
-0.015116
-1.6351
0.2058
0.39608
-0.11124
0.19689
0.20688
0.20237
0.33216
0.2213
0.022551
-0.0592
0.0041413
-0.045835
0.10569
0.11101
0.04922
0.00070893
-0.0063889
-0.18189
-0.014259
0.12093
-0.032669
-0.082645
0.17828
-0.041574
-0.031587
-0.036101
-0.043199
-0.017166
0.0097026
0.14489
-0.0087071
-0.058684
-0.03738
-0.017612
-0.0076253
-0.012139
-0.019237
0.0067957
-0.00936
0.12582
-0.02777
-0.077746
0.19224
-0.036675
-0.084747
-0.031202
-0.0383
-0.012267
-0.0094937
0.12569
-0.027903
-0.07788
0.13539
-0.036809
-0.026822
-0.031336
-0.038434
-0.012401
-0.035703
0.099481
-0.054113
0.30535
-0.082786
-0.063018
-0.053031
-0.012925
-0.064643
-0.03861
0.0097026
0.14489
-0.0087071
-0.058684
-0.03738
-0.017612
-0.0076253
-0.012139
-0.019237
0.0067957
0.023396
0.15858
0.0049868
-0.04499
-0.16063
-0.0039185
0.0060685
0.0015545
-0.0055434
0.02049
0.010946
0.14613
-0.0074641
-0.057441
-0.048567
-0.016369
-0.0063824
-0.010896
-0.017994
0.0080386
0.0097026
0.14489
-0.0087071
-0.058684
-0.03738
-0.017612
-0.0076253
-0.012139
-0.019237
0.0067957
0.0097026
0.14489
-0.0087071
-0.058684
-0.03738
-0.017612
-0.0076253
-0.012139
-0.019237
0.0067957
