"-3","-2.5","-2","-1.5","-1","-0.5","0","0.5","1"
0.935,0.937,0.937,0.933,0.926,0.914,0.866,0.755,0.585
0.925,0.917,0.927,0.927,0.928,0.918,0.882,0.786,0.597
0.929,0.934,0.943,0.943,0.936,0.918,0.878,0.781,0.592
0.851,0.897,0.906,0.909,0.915,0.907,0.858,0.744,0.504
0.921,0.931,0.938,0.936,0.931,0.916,0.879,0.783,0.575
0.937,0.926,0.938,0.937,0.937,0.931,0.898,0.806,0.617
0.925,0.927,0.921,0.917,0.905,0.887,0.86,0.789,0.616
0.813,0.824,0.876,0.915,0.924,0.907,0.861,0.771,0.616
0.92,0.893,0.928,0.928,0.927,0.92,0.903,0.826,0.629
0.886,0.889,0.89,0.884,0.871,0.843,0.786,0.677,0.5
0.931,0.932,0.937,0.936,0.928,0.903,0.859,0.769,0.577
0.892,0.896,0.909,0.906,0.899,0.884,0.834,0.708,0.529
0.876,0.909,0.921,0.917,0.92,0.918,0.894,0.818,0.649
0.945,0.945,0.942,0.942,0.944,0.941,0.912,0.821,0.614
0.931,0.933,0.933,0.934,0.933,0.925,0.889,0.785,0.561
0.912,0.915,0.917,0.913,0.902,0.883,0.852,0.779,0.611
0.852,0.896,0.896,0.893,0.887,0.868,0.813,0.694,0.521
0.935,0.929,0.937,0.935,0.929,0.915,0.879,0.792,0.608
0.926,0.931,0.935,0.934,0.933,0.914,0.864,0.758,0.572
0.918,0.928,0.924,0.923,0.919,0.899,0.85,0.751,0.563
0.9,0.916,0.917,0.916,0.915,0.905,0.868,0.782,0.592
0.935,0.939,0.932,0.941,0.938,0.926,0.889,0.797,0.608
0.91,0.897,0.907,0.915,0.908,0.892,0.851,0.765,0.582
0.926,0.928,0.934,0.932,0.93,0.919,0.886,0.786,0.613
0.937,0.935,0.925,0.925,0.931,0.925,0.883,0.781,0.585
0.901,0.925,0.924,0.919,0.912,0.891,0.836,0.733,0.563
0.897,0.919,0.918,0.919,0.917,0.901,0.866,0.776,0.577
0.909,0.88,0.915,0.919,0.916,0.902,0.87,0.793,0.604
0.92,0.927,0.931,0.929,0.921,0.906,0.873,0.776,0.604
0.915,0.92,0.926,0.925,0.921,0.902,0.861,0.77,0.567
