n
4
q_list
12 6 13 10
site_combn
1
2
3
4
1 2
1 3
1 4
2 3
2 4
3 4
1 2 3
1 2 4
1 3 4
2 3 4
nonspec_type
2
nonspec_param
-1.8912 5.5992
e
-0.67931
0.02505
-0.019277
-0.016583
-0.01314
0.014668
0.02536
0.010338
-0.015709
0.0087736
0.00029963
-0.0060112
-0.01377
-0.019265
-0.022319
-0.016377
-0.022097
-0.017799
0.097856
0.0044684
-0.0090932
-0.0040615
0.00046429
0.0079144
0.0070114
0.0033209
0.0018201
0.0052022
-0.0096223
-0.0078368
0.00029015
0.00012187
-0.016905
-0.01973
-0.018278
0.032355
-0.0093986
0.038929
0.00093019
0.0054581
0.0033347
-0.016697
-0.024741
-0.024687
-0.020039
-0.02611
-0.025426
0.121
0.015843
0.015898
0.015333
0.016045
0.015158
-0.078277
0.011664
0.011719
0.011154
0.011866
0.013631
-0.060034
0.013044
0.013098
0.012534
0.013245
0.012359
-0.06428
-0.012233
-0.013455
-0.012742
-0.012031
-0.012718
0.06318
-0.023196
-0.023141
-0.023705
-0.022994
-0.023881
0.11692
-0.0068872
-0.0068328
-0.0073969
-0.0089377
-0.0075724
0.037627
0.013255
0.013933
0.013369
0.014861
0.013193
-0.06861
-0.0087938
-0.0087393
-0.0093035
-0.0085923
-0.009479
0.044908
0.0029567
0.0030111
0.002447
0.0031582
0.0022715
-0.013844
0.0060251
0.0060795
0.0047104
0.0062266
0.010359
-0.033401
0.013063
0.013117
0.013639
0.013264
0.012106
-0.065189
-0.00035808
-0.00066379
-0.0029551
-0.00034844
0.001997
0.0025401
-0.00047042
-0.00051979
0.0081038
-0.0012566
-0.0056479
-0.00021035
-0.00021035
0.00042807
0.0012798
0.00034869
0.00043771
-0.0036831
5.1827e-05
0.00031573
0.0031526
-0.0054535
0.00085935
0.0011112
0.00057579
0.00057579
9.1197e-05
0.00094297
1.182e-05
0.00010084
-0.00058289
-0.00028504
-2.1141e-05
0.00027635
-0.0023087
0.00052248
0.00077428
0.00023893
0.00023893
-0.00038463
0.00077819
-0.00015296
-6.3938e-05
-0.00074767
-0.00044982
-0.00018592
-0.0002353
-0.0012198
0.001904
0.0006095
7.4145e-05
7.4145e-05
0.001655
-0.0043017
-0.00028517
-0.00019615
-0.00087989
0.00098567
-0.00031813
0.0068058
-0.001352
-0.0024745
0.00047729
-5.8066e-05
-5.8066e-05
-0.0011109
0.00122
0.0031265
-0.0011013
0.0013776
-0.0014871
-0.0012232
-0.0015456
0.0037778
-0.00067962
-0.00042782
-0.00096318
-0.00096318
-0.00079613
5.5652e-05
-0.0008755
-0.00078648
0.0032849
-0.0011724
-0.00090846
-0.00095784
0.0039309
-0.00036484
-0.00011304
-0.0006484
-0.0006484
0.00016998
0.0010218
0.0017579
0.00017962
-0.00050412
-0.0038045
5.7638e-05
8.2651e-06
-0.00097622
0.00060126
0.00085306
0.0003177
0.0003177
0.00089302
-0.0020028
0.00059065
0.00067967
0.0030198
0.002308
0.0036785
-0.01141
-0.00047617
0.00018219
0.00090172
0.00081775
0.00081775
-0.00027248
0.0005793
-0.001093
0.0013942
-0.00094657
0.0023808
-0.00038481
-0.00055866
-0.0014187
0.00015881
0.00041061
-0.00012475
-0.00012475
4.4357e-05
0.0005982
-3.5021e-05
5.4002e-05
-0.00062973
-0.00033188
-6.7981e-05
-0.00011735
-0.0011018
0.00047564
0.00072744
0.00019209
0.00019209
-0.00035939
0.00049238
-0.00043877
-0.00034975
-0.0017054
-0.00073563
-0.00047173
0.0051016
-0.0015056
7.1889e-05
0.00032369
-0.00021166
-0.00021166
-0.019128
-0.017937
-0.015701
0.026896
-0.011264
0.028678
0.0096552
0.014256
0.0027874
-0.018243
0.01012
0.014231
0.0090157
-0.025173
0.0078693
-0.025777
0.0027818
-0.0098387
0.0021265
0.014645
0.0077481
0.010344
0.0074364
-0.015294
0.00629
-0.018894
0.0012026
-0.0067505
0.0009741
0.0069437
0.0074793
0.0076288
0.0071676
-0.018348
0.0060212
-0.021432
0.00093374
-0.0018437
0.00070528
0.011688
-0.007503
-0.0089108
-0.0080302
0.026653
-0.0085189
0.02593
-0.00061298
-0.0074077
-0.0037342
-0.0078652
-0.017521
-0.019014
-0.017603
0.02825
-0.010348
0.02761
0.0010187
0.020523
0.0064629
-0.019379
-0.0030626
-0.0054906
-0.002717
0.0056001
-0.0034416
0.015445
-0.005955
0.0063891
-0.0029805
-0.0037872
0.0084472
0.0081379
0.0094568
-0.015021
0.0065303
-0.026118
0.0014429
-0.0012739
0.0012144
0.007184
-0.0040162
-0.0059848
-0.0046379
0.014189
-0.0053122
0.02092
-0.007495
0.0014386
-0.0037814
-0.00532
0.0036831
0.0038326
0.0033715
-0.0025289
0.002225
-0.0020468
-0.0027452
-0.0055791
-0.0030909
0.0028788
0.0042298
0.0043793
0.0039182
-0.0073321
0.0027718
-0.0015001
-0.0023157
-0.0050324
-0.0025442
0.0034255
0.0095235
0.008784
0.0083229
-0.017891
0.0071765
-0.022815
0.002089
-0.0048812
0.0018606
0.0078302
-0.0037863
0.0041997
-0.00078231
-0.0018062
-0.0045098
-0.0052355
-0.00012967
-0.00044066
-0.0042995
0.0052308
0.0062899
0.00032049
0.004949
-0.0029617
0.0044623
-0.0027067
-0.0025023
-0.0042472
-0.0049728
0.00013298
0.0028933
-0.003116
0.0054935
0.0065525
0.00031424
0.00065797
-0.0030739
0.0043501
-0.00063185
-0.0016557
-0.0018841
-0.0061763
2.0782e-05
-0.00029021
-0.0032282
0.0053813
0.0064403
0.00020204
0.00054577
-0.0056542
0.0043289
-0.00065311
-0.001677
-0.0043806
-0.0051063
-4.7191e-07
0.0039078
-0.0032495
0.00536
0.0064191
0.00018079
0.00052451
-0.0028792
0.0045448
-0.00043716
-0.001461
-0.0041647
-0.0048903
0.00021548
-0.0012737
-0.0030335
0.0055759
0.006635
0.00042792
0.00074046
0.018355
-0.021886
0.0052112
0.0091021
0.019186
0.026381
-0.0002391
-0.0047965
0.016927
-0.027041
-0.032337
-0.0014455
-0.0074177
0.016271
0.017266
0.016656
-0.03145
0.013673
-0.043403
0.00047635
-0.0076678
0.00054643
0.017632
0.016507
0.017502
0.016891
-0.031214
0.013034
-0.045106
0.00071182
-0.0074324
0.00124
0.017867
0.016153
0.017148
0.016538
-0.030031
0.01268
-0.042591
0.00035842
-0.0077857
1.5168e-05
0.017514
0.016217
0.017213
0.016602
-0.031504
0.014156
-0.043457
0.0004226
-0.0077216
0.00049268
0.017578
0.016134
0.017129
0.016518
-0.031587
0.012661
-0.043541
0.00033885
-0.0078053
0.0015612
0.018591
-0.081282
-0.086258
-0.083206
0.15579
-0.066204
0.2181
-0.002308
0.038413
-0.0038555
-0.089183
-0.0010134
-0.00068209
-0.0016546
0.0053109
-0.00094282
0.00069984
-0.0013485
0.0013471
-0.0006217
-0.0010946
0.00145
0.0017814
0.0014224
0.00023258
0.0015206
-0.010853
0.001115
0.0015426
0.00041975
0.0013688
-0.00051015
-0.00017882
-0.00053774
-0.00091848
-0.00043955
0.0030838
-0.00084524
-0.00079075
0.0017283
-0.00059137
-0.0012904
-0.0040586
-0.00096898
0.00078802
-0.0008708
0.0068238
-0.0012765
0.0038477
-0.0019717
-0.0010226
-0.0012708
-0.0021472
-0.00067503
0.0028734
-0.00057685
0.0010658
-0.00098253
-0.00055485
0.0036881
-0.0014201
-0.0015325
-0.0012011
-0.0015601
-0.0016603
-0.0014347
0.0074089
-0.0018676
0.0060238
-0.0025628
-0.0016137
-3.2526e-05
0.0002988
-6.0117e-05
-0.00044085
3.807e-05
0.0016807
-0.00036761
6.0066e-05
-0.0010628
-0.00011375
0.0012771
0.0016085
0.0012495
0.014391
0.0013477
-0.0081164
0.00094205
-0.014143
0.00024685
0.0011959
-0.0015135
-0.0011822
-0.0015411
0.00067281
-0.0033602
0.005808
0.0035483
-0.0014209
0.0005834
-0.0015947
0.0017623
0.0020936
0.0017347
-0.0051962
0.0018328
-0.0079222
0.0014272
0.0018548
0.00073197
0.001681
0.0020231
0.0023544
0.0019955
-0.0099257
0.0020937
-0.0037562
0.0012022
0.00030356
0.00099278
0.0027168
0.00042772
0.00075905
0.00040012
-0.004583
0.00049831
0.002141
9.2629e-05
0.00052031
-0.00060257
0.00034649
0.000223
0.00055433
0.0001954
-0.0015445
0.00029359
0.0019363
-0.0016394
0.0014091
-0.0015697
0.00014177
0.00011534
-0.00017431
0.00024883
-3.2391e-05
-0.0010238
1.7968e-05
-3.2391e-05
0.00027722
-0.0018504
0.00027563
0.0022431
-3.2391e-05
-3.2391e-05
0.00011534
-0.00017431
0.00024883
-3.2391e-05
-0.0010238
1.7968e-05
-3.2391e-05
0.00027722
-0.0018504
0.00027563
0.0022431
-3.2391e-05
-3.2391e-05
0.00011534
-0.00017431
0.00024883
-3.2391e-05
-0.0010238
1.7968e-05
-3.2391e-05
0.00027722
-0.0018504
0.00027563
0.0022431
-3.2391e-05
-3.2391e-05
0.00011534
-0.00017431
0.00024883
-3.2391e-05
-0.0010238
1.7968e-05
-3.2391e-05
0.00027722
-0.0018504
0.00027563
0.0022431
-3.2391e-05
-3.2391e-05
0.00011534
-0.00017431
0.00024883
-3.2391e-05
-0.0010238
1.7968e-05
-3.2391e-05
0.00027722
-0.0018504
0.00027563
0.0022431
-3.2391e-05
-3.2391e-05
-0.00057669
0.00087155
-0.0012441
0.00016196
0.0051192
-8.9841e-05
0.00016196
-0.0013861
0.0092521
-0.0013782
-0.011216
0.00016196
0.00016196
1.6002e-05
-0.00027365
0.00014949
-0.00013173
0.00058511
-8.1367e-05
-0.00013173
0.00017789
0.00058218
-0.00024912
-0.00037963
-0.00013173
-0.00013173
1.6002e-05
-0.00027365
0.00014949
-0.00013173
0.00058511
-8.1367e-05
-0.00013173
0.00017789
0.00058218
-0.00024912
-0.00037963
-0.00013173
-0.00013173
1.6002e-05
-0.00027365
0.00014949
-0.00013173
0.00058511
-8.1367e-05
-0.00013173
0.00017789
0.00058218
-0.00024912
-0.00037963
-0.00013173
-0.00013173
1.6002e-05
-0.00027365
0.00014949
-0.00013173
0.00058511
-8.1367e-05
-0.00013173
0.00017789
0.00058218
-0.00024912
-0.00037963
-0.00013173
-0.00013173
1.6002e-05
-0.00027365
0.00014949
-0.00013173
0.00058511
-8.1367e-05
-0.00013173
0.00017789
0.00058218
-0.00024912
-0.00037963
-0.00013173
-0.00013173
-8.001e-05
0.0013682
-0.00074745
0.00065863
-0.0029256
0.00040683
0.00065863
-0.00088943
-0.0029109
0.0012456
0.0018981
0.00065863
0.00065863
4.2684e-05
-0.00024696
0.00017617
-0.00010504
0.00061179
-5.4685e-05
-0.00010504
-0.0001423
0.00060886
-0.00022244
-0.00035295
-0.00010504
-0.00010504
4.2684e-05
-0.00024696
0.00017617
-0.00010504
0.00061179
-5.4685e-05
-0.00010504
-0.0001423
0.00060886
-0.00022244
-0.00035295
-0.00010504
-0.00010504
4.2684e-05
-0.00024696
0.00017617
-0.00010504
0.00061179
-5.4685e-05
-0.00010504
-0.0001423
0.00060886
-0.00022244
-0.00035295
-0.00010504
-0.00010504
4.2684e-05
-0.00024696
0.00017617
-0.00010504
0.00061179
-5.4685e-05
-0.00010504
-0.0001423
0.00060886
-0.00022244
-0.00035295
-0.00010504
-0.00010504
4.2684e-05
-0.00024696
0.00017617
-0.00010504
0.00061179
-5.4685e-05
-0.00010504
-0.0001423
0.00060886
-0.00022244
-0.00035295
-0.00010504
-0.00010504
-0.00021342
0.0012348
-0.00088086
0.00052522
-0.003059
0.00027342
0.00052522
0.00071149
-0.0030443
0.0011122
0.0017647
0.00052522
0.00052522
0.00030312
-0.00029757
0.00012556
-0.00015565
0.00056118
-0.00010529
-0.00015565
0.00015396
0.00055825
-0.00027305
-0.00040356
-0.00015565
-0.00015565
0.00030312
-0.00029757
0.00012556
-0.00015565
0.00056118
-0.00010529
-0.00015565
0.00015396
0.00055825
-0.00027305
-0.00040356
-0.00015565
-0.00015565
0.00030312
-0.00029757
0.00012556
-0.00015565
0.00056118
-0.00010529
-0.00015565
0.00015396
0.00055825
-0.00027305
-0.00040356
-0.00015565
-0.00015565
0.00030312
-0.00029757
0.00012556
-0.00015565
0.00056118
-0.00010529
-0.00015565
0.00015396
0.00055825
-0.00027305
-0.00040356
-0.00015565
-0.00015565
0.00030312
-0.00029757
0.00012556
-0.00015565
0.00056118
-0.00010529
-0.00015565
0.00015396
0.00055825
-0.00027305
-0.00040356
-0.00015565
-0.00015565
-0.0015156
0.0014879
-0.00062782
0.00077827
-0.0028059
0.00052647
0.00077827
-0.0007698
-0.0027912
0.0013652
0.0020178
0.00077827
0.00077827
-0.0013211
0.0029232
0.00067316
0.00039194
0.0011088
-0.0011254
0.00039194
-0.0059174
0.0011058
0.00084113
0.00014404
0.00039194
0.00039194
-0.0013211
0.0029232
0.00067316
0.00039194
0.0011088
-0.0011254
0.00039194
-0.0059174
0.0011058
0.00084113
0.00014404
0.00039194
0.00039194
-0.0013211
0.0029232
0.00067316
0.00039194
0.0011088
-0.0011254
0.00039194
-0.0059174
0.0011058
0.00084113
0.00014404
0.00039194
0.00039194
-0.0013211
0.0029232
0.00067316
0.00039194
0.0011088
-0.0011254
0.00039194
-0.0059174
0.0011058
0.00084113
0.00014404
0.00039194
0.00039194
-0.0013211
0.0029232
0.00067316
0.00039194
0.0011088
-0.0011254
0.00039194
-0.0059174
0.0011058
0.00084113
0.00014404
0.00039194
0.00039194
0.0066056
-0.014616
-0.0033658
-0.0019597
-0.0055439
0.005627
-0.0019597
0.029587
-0.0055292
-0.0042056
-0.0007202
-0.0019597
-0.0019597
0.0010613
-0.00024474
-0.0021798
0.00091354
-0.0015323
0.0009639
0.00091354
0.0012232
-0.0044075
0.00079615
0.00066564
0.00091354
0.00091354
0.0010613
-0.00024474
-0.0021798
0.00091354
-0.0015323
0.0009639
0.00091354
0.0012232
-0.0044075
0.00079615
0.00066564
0.00091354
0.00091354
0.0010613
-0.00024474
-0.0021798
0.00091354
-0.0015323
0.0009639
0.00091354
0.0012232
-0.0044075
0.00079615
0.00066564
0.00091354
0.00091354
0.0010613
-0.00024474
-0.0021798
0.00091354
-0.0015323
0.0009639
0.00091354
0.0012232
-0.0044075
0.00079615
0.00066564
0.00091354
0.00091354
0.0010613
-0.00024474
-0.0021798
0.00091354
-0.0015323
0.0009639
0.00091354
0.0012232
-0.0044075
0.00079615
0.00066564
0.00091354
0.00091354
-0.0053064
0.0012237
0.010899
-0.0045677
0.0076613
-0.0048195
-0.0045677
-0.0061158
0.022037
-0.0039808
-0.0033282
-0.0045677
-0.0045677
0.0002707
-1.8943e-05
0.00040419
0.00012298
-0.0024713
0.00017334
0.00012298
0.00043259
0.00083688
5.5828e-06
-0.00012493
0.00012298
0.00012298
0.0002707
-1.8943e-05
0.00040419
0.00012298
-0.0024713
0.00017334
0.00012298
0.00043259
0.00083688
5.5828e-06
-0.00012493
0.00012298
0.00012298
0.0002707
-1.8943e-05
0.00040419
0.00012298
-0.0024713
0.00017334
0.00012298
0.00043259
0.00083688
5.5828e-06
-0.00012493
0.00012298
0.00012298
0.0002707
-1.8943e-05
0.00040419
0.00012298
-0.0024713
0.00017334
0.00012298
0.00043259
0.00083688
5.5828e-06
-0.00012493
0.00012298
0.00012298
0.0002707
-1.8943e-05
0.00040419
0.00012298
-0.0024713
0.00017334
0.00012298
0.00043259
0.00083688
5.5828e-06
-0.00012493
0.00012298
0.00012298
-0.0013535
9.4717e-05
-0.002021
-0.00061488
0.012357
-0.00086668
-0.00061488
-0.0021629
-0.0041844
-2.7914e-05
0.00062463
-0.00061488
-0.00061488
-0.00020323
-0.00049288
-6.9745e-05
-0.00035096
0.00036588
0.0025495
-0.00035096
-4.1348e-05
0.00036294
-0.00046835
-0.00059886
-0.00035096
-0.00035096
-0.00020323
-0.00049288
-6.9745e-05
-0.00035096
0.00036588
0.0025495
-0.00035096
-4.1348e-05
0.00036294
-0.00046835
-0.00059886
-0.00035096
-0.00035096
-0.00020323
-0.00049288
-6.9745e-05
-0.00035096
0.00036588
0.0025495
-0.00035096
-4.1348e-05
0.00036294
-0.00046835
-0.00059886
-0.00035096
-0.00035096
-0.00020323
-0.00049288
-6.9745e-05
-0.00035096
0.00036588
0.0025495
-0.00035096
-4.1348e-05
0.00036294
-0.00046835
-0.00059886
-0.00035096
-0.00035096
-0.00020323
-0.00049288
-6.9745e-05
-0.00035096
0.00036588
0.0025495
-0.00035096
-4.1348e-05
0.00036294
-0.00046835
-0.00059886
-0.00035096
-0.00035096
0.0010162
0.0024644
0.00034872
0.0017548
-0.0018294
-0.012747
0.0017548
0.00020674
-0.0018147
0.0023418
0.0029943
0.0017548
0.0017548
-0.00071384
-0.00073427
-0.00035736
-0.00063857
-0.00034173
-0.0024749
-0.00063857
0.0078754
7.5329e-05
-0.00033925
-0.00043509
-0.00063857
-0.00063857
-0.00071384
-0.00073427
-0.00035736
-0.00063857
-0.00034173
-0.0024749
-0.00063857
0.0078754
7.5329e-05
-0.00033925
-0.00043509
-0.00063857
-0.00063857
-0.00071384
-0.00073427
-0.00035736
-0.00063857
-0.00034173
-0.0024749
-0.00063857
0.0078754
7.5329e-05
-0.00033925
-0.00043509
-0.00063857
-0.00063857
-0.00071384
-0.00073427
-0.00035736
-0.00063857
-0.00034173
-0.0024749
-0.00063857
0.0078754
7.5329e-05
-0.00033925
-0.00043509
-0.00063857
-0.00063857
-0.00071384
-0.00073427
-0.00035736
-0.00063857
-0.00034173
-0.0024749
-0.00063857
0.0078754
7.5329e-05
-0.00033925
-0.00043509
-0.00063857
-0.00063857
0.0035692
0.0036714
0.0017868
0.0031929
0.0017086
0.012374
0.0031929
-0.039377
-0.00037664
0.0016962
0.0021754
0.0031929
0.0031929
6.4266e-06
-0.00028322
0.00013991
-0.0001413
0.00057554
-9.0942e-05
-0.0001413
0.00029279
0.0005726
-0.00025869
-0.0003892
-0.0001413
-0.0001413
6.4266e-06
-0.00028322
0.00013991
-0.0001413
0.00057554
-9.0942e-05
-0.0001413
0.00029279
0.0005726
-0.00025869
-0.0003892
-0.0001413
-0.0001413
6.4266e-06
-0.00028322
0.00013991
-0.0001413
0.00057554
-9.0942e-05
-0.0001413
0.00029279
0.0005726
-0.00025869
-0.0003892
-0.0001413
-0.0001413
6.4266e-06
-0.00028322
0.00013991
-0.0001413
0.00057554
-9.0942e-05
-0.0001413
0.00029279
0.0005726
-0.00025869
-0.0003892
-0.0001413
-0.0001413
6.4266e-06
-0.00028322
0.00013991
-0.0001413
0.00057554
-9.0942e-05
-0.0001413
0.00029279
0.0005726
-0.00025869
-0.0003892
-0.0001413
-0.0001413
-3.2133e-05
0.0014161
-0.00069957
0.00070651
-0.0028777
0.00045471
0.00070651
-0.001464
-0.002863
0.0012935
0.001946
0.00070651
0.00070651
1.6002e-05
-0.00027365
0.00014949
-0.00013173
0.00058511
-8.1367e-05
-0.00013173
0.00017789
0.00058218
-0.00024912
-0.00037963
-0.00013173
-0.00013173
1.6002e-05
-0.00027365
0.00014949
-0.00013173
0.00058511
-8.1367e-05
-0.00013173
0.00017789
0.00058218
-0.00024912
-0.00037963
-0.00013173
-0.00013173
1.6002e-05
-0.00027365
0.00014949
-0.00013173
0.00058511
-8.1367e-05
-0.00013173
0.00017789
0.00058218
-0.00024912
-0.00037963
-0.00013173
-0.00013173
1.6002e-05
-0.00027365
0.00014949
-0.00013173
0.00058511
-8.1367e-05
-0.00013173
0.00017789
0.00058218
-0.00024912
-0.00037963
-0.00013173
-0.00013173
1.6002e-05
-0.00027365
0.00014949
-0.00013173
0.00058511
-8.1367e-05
-0.00013173
0.00017789
0.00058218
-0.00024912
-0.00037963
-0.00013173
-0.00013173
-8.001e-05
0.0013682
-0.00074745
0.00065863
-0.0029256
0.00040683
0.00065863
-0.00088943
-0.0029109
0.0012456
0.0018981
0.00065863
0.00065863
0.00040664
0.000117
0.00054013
0.00025892
0.00097575
0.00030927
0.00025892
-0.0045098
0.00097282
0.00014152
1.1013e-05
0.00025892
0.00025892
0.00040664
0.000117
0.00054013
0.00025892
0.00097575
0.00030927
0.00025892
-0.0045098
0.00097282
0.00014152
1.1013e-05
0.00025892
0.00025892
0.00040664
0.000117
0.00054013
0.00025892
0.00097575
0.00030927
0.00025892
-0.0045098
0.00097282
0.00014152
1.1013e-05
0.00025892
0.00025892
0.00040664
0.000117
0.00054013
0.00025892
0.00097575
0.00030927
0.00025892
-0.0045098
0.00097282
0.00014152
1.1013e-05
0.00025892
0.00025892
0.00040664
0.000117
0.00054013
0.00025892
0.00097575
0.00030927
0.00025892
-0.0045098
0.00097282
0.00014152
1.1013e-05
0.00025892
0.00025892
-0.0020332
-0.00058498
-0.0027007
-0.0012946
-0.0048788
-0.0015464
-0.0012946
0.022549
-0.0048641
-0.00070761
-5.5063e-05
-0.0012946
-0.0012946
0.016579
0.016539
0.01538
-0.026057
0.011043
-0.027172
-0.0069124
-0.013111
-0.0037555
0.017467
0.016579
0.016539
0.01538
-0.026057
0.011043
-0.027172
-0.0069124
-0.013111
-0.0037555
0.017467
0.016579
0.016539
0.01538
-0.026057
0.011043
-0.027172
-0.0069124
-0.013111
-0.0037555
0.017467
0.016579
0.016539
0.01538
-0.026057
0.011043
-0.027172
-0.0069124
-0.013111
-0.0037555
0.017467
0.016579
0.016539
0.01538
-0.026057
0.011043
-0.027172
-0.0069124
-0.013111
-0.0037555
0.017467
-0.082896
-0.082694
-0.076898
0.13029
-0.055217
0.13586
0.034562
0.065554
0.018777
-0.087334
-0.008789
-0.011783
-0.0087859
0.022872
-0.0077085
0.026013
-0.0035769
0.0042717
-0.0030372
-0.0094767
-0.008789
-0.011783
-0.0087859
0.022872
-0.0077085
0.026013
-0.0035769
0.0042717
-0.0030372
-0.0094767
-0.008789
-0.011783
-0.0087859
0.022872
-0.0077085
0.026013
-0.0035769
0.0042717
-0.0030372
-0.0094767
-0.008789
-0.011783
-0.0087859
0.022872
-0.0077085
0.026013
-0.0035769
0.0042717
-0.0030372
-0.0094767
-0.008789
-0.011783
-0.0087859
0.022872
-0.0077085
0.026013
-0.0035769
0.0042717
-0.0030372
-0.0094767
0.043945
0.058913
0.04393
-0.11436
0.038542
-0.13006
0.017885
-0.021358
0.015186
0.047383
-0.0069837
-0.0071259
-0.0069806
0.013718
-0.0059032
0.018435
-0.0017716
0.0057083
-0.0016588
-0.0074371
-0.0069837
-0.0071259
-0.0069806
0.013718
-0.0059032
0.018435
-0.0017716
0.0057083
-0.0016588
-0.0074371
-0.0069837
-0.0071259
-0.0069806
0.013718
-0.0059032
0.018435
-0.0017716
0.0057083
-0.0016588
-0.0074371
-0.0069837
-0.0071259
-0.0069806
0.013718
-0.0059032
0.018435
-0.0017716
0.0057083
-0.0016588
-0.0074371
-0.0069837
-0.0071259
-0.0069806
0.013718
-0.0059032
0.018435
-0.0017716
0.0057083
-0.0016588
-0.0074371
0.034919
0.03563
0.034903
-0.068588
0.029516
-0.092175
0.0088581
-0.028542
0.0082941
0.037186
-0.0070537
-0.0071959
-0.0070506
0.016865
-0.0059732
0.018613
-0.0018416
0.0028729
-0.0017289
-0.0075071
-0.0070537
-0.0071959
-0.0070506
0.016865
-0.0059732
0.018613
-0.0018416
0.0028729
-0.0017289
-0.0075071
-0.0070537
-0.0071959
-0.0070506
0.016865
-0.0059732
0.018613
-0.0018416
0.0028729
-0.0017289
-0.0075071
-0.0070537
-0.0071959
-0.0070506
0.016865
-0.0059732
0.018613
-0.0018416
0.0028729
-0.0017289
-0.0075071
-0.0070537
-0.0071959
-0.0070506
0.016865
-0.0059732
0.018613
-0.0018416
0.0028729
-0.0017289
-0.0075071
0.035269
0.03598
0.035253
-0.084327
0.029866
-0.093064
0.0092082
-0.014365
0.0086443
0.037536
0.0064152
0.007391
0.0064183
-0.022924
0.0074957
-0.02614
0.0035638
0.0074264
0.0043924
0.0059618
0.0064152
0.007391
0.0064183
-0.022924
0.0074957
-0.02614
0.0035638
0.0074264
0.0043924
0.0059618
0.0064152
0.007391
0.0064183
-0.022924
0.0074957
-0.02614
0.0035638
0.0074264
0.0043924
0.0059618
0.0064152
0.007391
0.0064183
-0.022924
0.0074957
-0.02614
0.0035638
0.0074264
0.0043924
0.0059618
0.0064152
0.007391
0.0064183
-0.022924
0.0074957
-0.02614
0.0035638
0.0074264
0.0043924
0.0059618
-0.032076
-0.036955
-0.032091
0.11462
-0.037478
0.1307
-0.017819
-0.037132
-0.021962
-0.029809
0.015424
0.015878
0.017017
-0.024331
0.009693
-0.027452
-0.00012457
-0.019408
-0.0045406
0.017844
0.015424
0.015878
0.017017
-0.024331
0.009693
-0.027452
-0.00012457
-0.019408
-0.0045406
0.017844
0.015424
0.015878
0.017017
-0.024331
0.009693
-0.027452
-0.00012457
-0.019408
-0.0045406
0.017844
0.015424
0.015878
0.017017
-0.024331
0.009693
-0.027452
-0.00012457
-0.019408
-0.0045406
0.017844
0.015424
0.015878
0.017017
-0.024331
0.009693
-0.027452
-0.00012457
-0.019408
-0.0045406
0.017844
-0.077118
-0.079391
-0.085087
0.12165
-0.048465
0.13726
0.00062283
0.097041
0.022703
-0.08922
0.0027077
0.0022994
0.0028665
-0.0062578
0.0035221
-0.014552
0.0050796
-0.0052666
0.0066134
0.0029875
0.0027077
0.0022994
0.0028665
-0.0062578
0.0035221
-0.014552
0.0050796
-0.0052666
0.0066134
0.0029875
0.0027077
0.0022994
0.0028665
-0.0062578
0.0035221
-0.014552
0.0050796
-0.0052666
0.0066134
0.0029875
0.0027077
0.0022994
0.0028665
-0.0062578
0.0035221
-0.014552
0.0050796
-0.0052666
0.0066134
0.0029875
0.0027077
0.0022994
0.0028665
-0.0062578
0.0035221
-0.014552
0.0050796
-0.0052666
0.0066134
0.0029875
-0.013538
-0.011497
-0.014332
0.031289
-0.017611
0.072759
-0.025398
0.026333
-0.033067
-0.014937
-0.0073537
-0.007496
-0.0091308
0.01454
-0.0062732
0.025118
-0.0021416
0.0025729
-0.0020289
-0.0078071
-0.0073537
-0.007496
-0.0091308
0.01454
-0.0062732
0.025118
-0.0021416
0.0025729
-0.0020289
-0.0078071
-0.0073537
-0.007496
-0.0091308
0.01454
-0.0062732
0.025118
-0.0021416
0.0025729
-0.0020289
-0.0078071
-0.0073537
-0.007496
-0.0091308
0.01454
-0.0062732
0.025118
-0.0021416
0.0025729
-0.0020289
-0.0078071
-0.0073537
-0.007496
-0.0091308
0.01454
-0.0062732
0.025118
-0.0021416
0.0025729
-0.0020289
-0.0078071
0.036769
0.03748
0.045654
-0.072701
0.031366
-0.12559
0.010708
-0.012865
0.010144
0.039036
0.0044262
0.0064022
0.0047394
-0.014895
0.0053448
-0.020288
0.0065717
-0.00036413
0.0042519
0.0038108
0.0044262
0.0064022
0.0047394
-0.014895
0.0053448
-0.020288
0.0065717
-0.00036413
0.0042519
0.0038108
0.0044262
0.0064022
0.0047394
-0.014895
0.0053448
-0.020288
0.0065717
-0.00036413
0.0042519
0.0038108
0.0044262
0.0064022
0.0047394
-0.014895
0.0053448
-0.020288
0.0065717
-0.00036413
0.0042519
0.0038108
0.0044262
0.0064022
0.0047394
-0.014895
0.0053448
-0.020288
0.0065717
-0.00036413
0.0042519
0.0038108
-0.022131
-0.032011
-0.023697
0.074474
-0.026724
0.10144
-0.032858
0.0018206
-0.02126
-0.019054
-0.0032213
-0.0033635
-0.0032182
0.0018749
-0.0021408
0.002944
0.0019908
0.0067053
0.0021036
-0.0036747
-0.0032213
-0.0033635
-0.0032182
0.0018749
-0.0021408
0.002944
0.0019908
0.0067053
0.0021036
-0.0036747
-0.0032213
-0.0033635
-0.0032182
0.0018749
-0.0021408
0.002944
0.0019908
0.0067053
0.0021036
-0.0036747
-0.0032213
-0.0033635
-0.0032182
0.0018749
-0.0021408
0.002944
0.0019908
0.0067053
0.0021036
-0.0036747
-0.0032213
-0.0033635
-0.0032182
0.0018749
-0.0021408
0.002944
0.0019908
0.0067053
0.0021036
-0.0036747
0.016107
0.016818
0.016091
-0.0093745
0.010704
-0.01472
-0.0099539
-0.033527
-0.010518
0.018374
-0.0037563
-0.0038985
-0.0037532
0.0066899
-0.0026758
0.002409
0.0014558
0.0061704
0.0015686
-0.0042097
-0.0037563
-0.0038985
-0.0037532
0.0066899
-0.0026758
0.002409
0.0014558
0.0061704
0.0015686
-0.0042097
-0.0037563
-0.0038985
-0.0037532
0.0066899
-0.0026758
0.002409
0.0014558
0.0061704
0.0015686
-0.0042097
-0.0037563
-0.0038985
-0.0037532
0.0066899
-0.0026758
0.002409
0.0014558
0.0061704
0.0015686
-0.0042097
-0.0037563
-0.0038985
-0.0037532
0.0066899
-0.0026758
0.002409
0.0014558
0.0061704
0.0015686
-0.0042097
0.018782
0.019493
0.018766
-0.033449
0.013379
-0.012045
-0.0072789
-0.030852
-0.0078429
0.021049
-0.0083939
-0.0076471
-0.0075018
0.017904
-0.0064244
0.022072
-0.0022928
0.0024217
-0.00218
-0.0079583
-0.0083939
-0.0076471
-0.0075018
0.017904
-0.0064244
0.022072
-0.0022928
0.0024217
-0.00218
-0.0079583
-0.0083939
-0.0076471
-0.0075018
0.017904
-0.0064244
0.022072
-0.0022928
0.0024217
-0.00218
-0.0079583
-0.0083939
-0.0076471
-0.0075018
0.017904
-0.0064244
0.022072
-0.0022928
0.0024217
-0.00218
-0.0079583
-0.0083939
-0.0076471
-0.0075018
0.017904
-0.0064244
0.022072
-0.0022928
0.0024217
-0.00218
-0.0079583
0.04197
0.038236
0.037509
-0.089522
0.032122
-0.11036
0.011464
-0.012109
0.0109
0.039792
1.7799e-06
1.7799e-06
1.7799e-06
1.7799e-06
1.7799e-06
-1.6019e-05
1.7799e-06
1.7799e-06
1.7799e-06
1.7799e-06
1.7799e-06
1.7799e-06
1.7799e-06
1.7799e-06
1.7799e-06
-1.6019e-05
1.7799e-06
1.7799e-06
1.7799e-06
1.7799e-06
1.7799e-06
1.7799e-06
1.7799e-06
1.7799e-06
1.7799e-06
-1.6019e-05
1.7799e-06
1.7799e-06
1.7799e-06
1.7799e-06
1.7799e-06
1.7799e-06
1.7799e-06
1.7799e-06
1.7799e-06
-1.6019e-05
1.7799e-06
1.7799e-06
1.7799e-06
1.7799e-06
1.7799e-06
1.7799e-06
1.7799e-06
1.7799e-06
1.7799e-06
-1.6019e-05
1.7799e-06
1.7799e-06
1.7799e-06
1.7799e-06
1.7799e-06
1.7799e-06
1.7799e-06
1.7799e-06
1.7799e-06
-1.6019e-05
1.7799e-06
1.7799e-06
1.7799e-06
1.7799e-06
1.7799e-06
1.7799e-06
1.7799e-06
1.7799e-06
1.7799e-06
-1.6019e-05
1.7799e-06
1.7799e-06
1.7799e-06
1.7799e-06
-2.1358e-05
-2.1358e-05
-2.1358e-05
-2.1358e-05
-2.1358e-05
0.00019222
-2.1358e-05
-2.1358e-05
-2.1358e-05
-2.1358e-05
1.7799e-06
1.7799e-06
1.7799e-06
1.7799e-06
1.7799e-06
-1.6019e-05
1.7799e-06
1.7799e-06
1.7799e-06
1.7799e-06
1.7799e-06
1.7799e-06
1.7799e-06
1.7799e-06
1.7799e-06
-1.6019e-05
1.7799e-06
1.7799e-06
1.7799e-06
1.7799e-06
1.7799e-06
1.7799e-06
1.7799e-06
1.7799e-06
1.7799e-06
-1.6019e-05
1.7799e-06
1.7799e-06
1.7799e-06
1.7799e-06
1.7799e-06
1.7799e-06
1.7799e-06
1.7799e-06
1.7799e-06
-1.6019e-05
1.7799e-06
1.7799e-06
1.7799e-06
1.7799e-06
1.7799e-06
1.7799e-06
1.7799e-06
1.7799e-06
1.7799e-06
-1.6019e-05
1.7799e-06
1.7799e-06
1.7799e-06
1.7799e-06
1.7799e-06
1.7799e-06
1.7799e-06
1.7799e-06
1.7799e-06
-1.6019e-05
1.7799e-06
1.7799e-06
1.7799e-06
1.7799e-06
1.7799e-06
1.7799e-06
1.7799e-06
1.7799e-06
1.7799e-06
-1.6019e-05
1.7799e-06
1.7799e-06
1.7799e-06
1.7799e-06
1.7799e-06
1.7799e-06
1.7799e-06
1.7799e-06
1.7799e-06
-1.6019e-05
1.7799e-06
1.7799e-06
1.7799e-06
1.7799e-06
1.7799e-06
1.7799e-06
1.7799e-06
1.7799e-06
1.7799e-06
-1.6019e-05
1.7799e-06
1.7799e-06
1.7799e-06
1.7799e-06
1.7799e-06
1.7799e-06
1.7799e-06
1.7799e-06
1.7799e-06
-1.6019e-05
1.7799e-06
1.7799e-06
1.7799e-06
1.7799e-06
1.7799e-06
1.7799e-06
1.7799e-06
1.7799e-06
1.7799e-06
-1.6019e-05
1.7799e-06
1.7799e-06
1.7799e-06
1.7799e-06
1.7799e-06
1.7799e-06
1.7799e-06
1.7799e-06
1.7799e-06
-1.6019e-05
1.7799e-06
1.7799e-06
1.7799e-06
1.7799e-06
-2.1358e-05
-2.1358e-05
-2.1358e-05
-2.1358e-05
-2.1358e-05
0.00019222
-2.1358e-05
-2.1358e-05
-2.1358e-05
-2.1358e-05
1.7799e-06
1.7799e-06
1.7799e-06
1.7799e-06
1.7799e-06
-1.6019e-05
1.7799e-06
1.7799e-06
1.7799e-06
1.7799e-06
1.7799e-06
1.7799e-06
1.7799e-06
1.7799e-06
1.7799e-06
-1.6019e-05
1.7799e-06
1.7799e-06
1.7799e-06
1.7799e-06
1.7799e-06
1.7799e-06
1.7799e-06
1.7799e-06
1.7799e-06
-1.6019e-05
1.7799e-06
1.7799e-06
1.7799e-06
1.7799e-06
1.7799e-06
1.7799e-06
1.7799e-06
1.7799e-06
1.7799e-06
-1.6019e-05
1.7799e-06
1.7799e-06
1.7799e-06
1.7799e-06
1.7799e-06
1.7799e-06
1.7799e-06
1.7799e-06
1.7799e-06
-1.6019e-05
1.7799e-06
1.7799e-06
1.7799e-06
1.7799e-06
1.7799e-06
1.7799e-06
1.7799e-06
1.7799e-06
1.7799e-06
-1.6019e-05
1.7799e-06
1.7799e-06
1.7799e-06
1.7799e-06
1.7799e-06
1.7799e-06
1.7799e-06
1.7799e-06
1.7799e-06
-1.6019e-05
1.7799e-06
1.7799e-06
1.7799e-06
1.7799e-06
1.7799e-06
1.7799e-06
1.7799e-06
1.7799e-06
1.7799e-06
-1.6019e-05
1.7799e-06
1.7799e-06
1.7799e-06
1.7799e-06
1.7799e-06
1.7799e-06
1.7799e-06
1.7799e-06
1.7799e-06
-1.6019e-05
1.7799e-06
1.7799e-06
1.7799e-06
1.7799e-06
1.7799e-06
1.7799e-06
1.7799e-06
1.7799e-06
1.7799e-06
-1.6019e-05
1.7799e-06
1.7799e-06
1.7799e-06
1.7799e-06
1.7799e-06
1.7799e-06
1.7799e-06
1.7799e-06
1.7799e-06
-1.6019e-05
1.7799e-06
1.7799e-06
1.7799e-06
1.7799e-06
1.7799e-06
1.7799e-06
1.7799e-06
1.7799e-06
1.7799e-06
-1.6019e-05
1.7799e-06
1.7799e-06
1.7799e-06
1.7799e-06
-2.1358e-05
-2.1358e-05
-2.1358e-05
-2.1358e-05
-2.1358e-05
0.00019222
-2.1358e-05
-2.1358e-05
-2.1358e-05
-2.1358e-05
1.7799e-06
1.7799e-06
1.7799e-06
1.7799e-06
1.7799e-06
-1.6019e-05
1.7799e-06
1.7799e-06
1.7799e-06
1.7799e-06
1.7799e-06
1.7799e-06
1.7799e-06
1.7799e-06
1.7799e-06
-1.6019e-05
1.7799e-06
1.7799e-06
1.7799e-06
1.7799e-06
1.7799e-06
1.7799e-06
1.7799e-06
1.7799e-06
1.7799e-06
-1.6019e-05
1.7799e-06
1.7799e-06
1.7799e-06
1.7799e-06
1.7799e-06
1.7799e-06
1.7799e-06
1.7799e-06
1.7799e-06
-1.6019e-05
1.7799e-06
1.7799e-06
1.7799e-06
1.7799e-06
1.7799e-06
1.7799e-06
1.7799e-06
1.7799e-06
1.7799e-06
-1.6019e-05
1.7799e-06
1.7799e-06
1.7799e-06
1.7799e-06
1.7799e-06
1.7799e-06
1.7799e-06
1.7799e-06
1.7799e-06
-1.6019e-05
1.7799e-06
1.7799e-06
1.7799e-06
1.7799e-06
1.7799e-06
1.7799e-06
1.7799e-06
1.7799e-06
1.7799e-06
-1.6019e-05
1.7799e-06
1.7799e-06
1.7799e-06
1.7799e-06
1.7799e-06
1.7799e-06
1.7799e-06
1.7799e-06
1.7799e-06
-1.6019e-05
1.7799e-06
1.7799e-06
1.7799e-06
1.7799e-06
1.7799e-06
1.7799e-06
1.7799e-06
1.7799e-06
1.7799e-06
-1.6019e-05
1.7799e-06
1.7799e-06
1.7799e-06
1.7799e-06
1.7799e-06
1.7799e-06
1.7799e-06
1.7799e-06
1.7799e-06
-1.6019e-05
1.7799e-06
1.7799e-06
1.7799e-06
1.7799e-06
1.7799e-06
1.7799e-06
1.7799e-06
1.7799e-06
1.7799e-06
-1.6019e-05
1.7799e-06
1.7799e-06
1.7799e-06
1.7799e-06
1.7799e-06
1.7799e-06
1.7799e-06
1.7799e-06
1.7799e-06
-1.6019e-05
1.7799e-06
1.7799e-06
1.7799e-06
1.7799e-06
-2.1358e-05
-2.1358e-05
-2.1358e-05
-2.1358e-05
-2.1358e-05
0.00019222
-2.1358e-05
-2.1358e-05
-2.1358e-05
-2.1358e-05
1.7799e-06
1.7799e-06
1.7799e-06
1.7799e-06
1.7799e-06
-1.6019e-05
1.7799e-06
1.7799e-06
1.7799e-06
1.7799e-06
1.7799e-06
1.7799e-06
1.7799e-06
1.7799e-06
1.7799e-06
-1.6019e-05
1.7799e-06
1.7799e-06
1.7799e-06
1.7799e-06
1.7799e-06
1.7799e-06
1.7799e-06
1.7799e-06
1.7799e-06
-1.6019e-05
1.7799e-06
1.7799e-06
1.7799e-06
1.7799e-06
1.7799e-06
1.7799e-06
1.7799e-06
1.7799e-06
1.7799e-06
-1.6019e-05
1.7799e-06
1.7799e-06
1.7799e-06
1.7799e-06
1.7799e-06
1.7799e-06
1.7799e-06
1.7799e-06
1.7799e-06
-1.6019e-05
1.7799e-06
1.7799e-06
1.7799e-06
1.7799e-06
1.7799e-06
1.7799e-06
1.7799e-06
1.7799e-06
1.7799e-06
-1.6019e-05
1.7799e-06
1.7799e-06
1.7799e-06
1.7799e-06
1.7799e-06
1.7799e-06
1.7799e-06
1.7799e-06
1.7799e-06
-1.6019e-05
1.7799e-06
1.7799e-06
1.7799e-06
1.7799e-06
1.7799e-06
1.7799e-06
1.7799e-06
1.7799e-06
1.7799e-06
-1.6019e-05
1.7799e-06
1.7799e-06
1.7799e-06
1.7799e-06
1.7799e-06
1.7799e-06
1.7799e-06
1.7799e-06
1.7799e-06
-1.6019e-05
1.7799e-06
1.7799e-06
1.7799e-06
1.7799e-06
1.7799e-06
1.7799e-06
1.7799e-06
1.7799e-06
1.7799e-06
-1.6019e-05
1.7799e-06
1.7799e-06
1.7799e-06
1.7799e-06
1.7799e-06
1.7799e-06
1.7799e-06
1.7799e-06
1.7799e-06
-1.6019e-05
1.7799e-06
1.7799e-06
1.7799e-06
1.7799e-06
1.7799e-06
1.7799e-06
1.7799e-06
1.7799e-06
1.7799e-06
-1.6019e-05
1.7799e-06
1.7799e-06
1.7799e-06
1.7799e-06
-2.1358e-05
-2.1358e-05
-2.1358e-05
-2.1358e-05
-2.1358e-05
0.00019222
-2.1358e-05
-2.1358e-05
-2.1358e-05
-2.1358e-05
1.7799e-06
1.7799e-06
1.7799e-06
1.7799e-06
1.7799e-06
-1.6019e-05
1.7799e-06
1.7799e-06
1.7799e-06
1.7799e-06
1.7799e-06
1.7799e-06
1.7799e-06
1.7799e-06
1.7799e-06
-1.6019e-05
1.7799e-06
1.7799e-06
1.7799e-06
1.7799e-06
1.7799e-06
1.7799e-06
1.7799e-06
1.7799e-06
1.7799e-06
-1.6019e-05
1.7799e-06
1.7799e-06
1.7799e-06
1.7799e-06
1.7799e-06
1.7799e-06
1.7799e-06
1.7799e-06
1.7799e-06
-1.6019e-05
1.7799e-06
1.7799e-06
1.7799e-06
1.7799e-06
1.7799e-06
1.7799e-06
1.7799e-06
1.7799e-06
1.7799e-06
-1.6019e-05
1.7799e-06
1.7799e-06
1.7799e-06
1.7799e-06
1.7799e-06
1.7799e-06
1.7799e-06
1.7799e-06
1.7799e-06
-1.6019e-05
1.7799e-06
1.7799e-06
1.7799e-06
1.7799e-06
1.7799e-06
1.7799e-06
1.7799e-06
1.7799e-06
1.7799e-06
-1.6019e-05
1.7799e-06
1.7799e-06
1.7799e-06
1.7799e-06
1.7799e-06
1.7799e-06
1.7799e-06
1.7799e-06
1.7799e-06
-1.6019e-05
1.7799e-06
1.7799e-06
1.7799e-06
1.7799e-06
1.7799e-06
1.7799e-06
1.7799e-06
1.7799e-06
1.7799e-06
-1.6019e-05
1.7799e-06
1.7799e-06
1.7799e-06
1.7799e-06
1.7799e-06
1.7799e-06
1.7799e-06
1.7799e-06
1.7799e-06
-1.6019e-05
1.7799e-06
1.7799e-06
1.7799e-06
1.7799e-06
1.7799e-06
1.7799e-06
1.7799e-06
1.7799e-06
1.7799e-06
-1.6019e-05
1.7799e-06
1.7799e-06
1.7799e-06
1.7799e-06
1.7799e-06
1.7799e-06
1.7799e-06
1.7799e-06
1.7799e-06
-1.6019e-05
1.7799e-06
1.7799e-06
1.7799e-06
1.7799e-06
-2.1358e-05
-2.1358e-05
-2.1358e-05
-2.1358e-05
-2.1358e-05
0.00019222
-2.1358e-05
-2.1358e-05
-2.1358e-05
-2.1358e-05
1.7799e-06
1.7799e-06
1.7799e-06
1.7799e-06
1.7799e-06
-1.6019e-05
1.7799e-06
1.7799e-06
1.7799e-06
1.7799e-06
1.7799e-06
1.7799e-06
1.7799e-06
1.7799e-06
1.7799e-06
-1.6019e-05
1.7799e-06
1.7799e-06
1.7799e-06
1.7799e-06
1.7799e-06
1.7799e-06
1.7799e-06
1.7799e-06
1.7799e-06
-1.6019e-05
1.7799e-06
1.7799e-06
1.7799e-06
1.7799e-06
1.7799e-06
1.7799e-06
1.7799e-06
1.7799e-06
1.7799e-06
-1.6019e-05
1.7799e-06
1.7799e-06
1.7799e-06
1.7799e-06
1.7799e-06
1.7799e-06
1.7799e-06
1.7799e-06
1.7799e-06
-1.6019e-05
1.7799e-06
1.7799e-06
1.7799e-06
1.7799e-06
1.7799e-06
1.7799e-06
1.7799e-06
1.7799e-06
1.7799e-06
-1.6019e-05
1.7799e-06
1.7799e-06
1.7799e-06
1.7799e-06
1.7799e-06
1.7799e-06
1.7799e-06
1.7799e-06
1.7799e-06
-1.6019e-05
1.7799e-06
1.7799e-06
1.7799e-06
1.7799e-06
1.7799e-06
1.7799e-06
1.7799e-06
1.7799e-06
1.7799e-06
-1.6019e-05
1.7799e-06
1.7799e-06
1.7799e-06
1.7799e-06
1.7799e-06
1.7799e-06
1.7799e-06
1.7799e-06
1.7799e-06
-1.6019e-05
1.7799e-06
1.7799e-06
1.7799e-06
1.7799e-06
1.7799e-06
1.7799e-06
1.7799e-06
1.7799e-06
1.7799e-06
-1.6019e-05
1.7799e-06
1.7799e-06
1.7799e-06
1.7799e-06
1.7799e-06
1.7799e-06
1.7799e-06
1.7799e-06
1.7799e-06
-1.6019e-05
1.7799e-06
1.7799e-06
1.7799e-06
1.7799e-06
1.7799e-06
1.7799e-06
1.7799e-06
1.7799e-06
1.7799e-06
-1.6019e-05
1.7799e-06
1.7799e-06
1.7799e-06
1.7799e-06
-2.1358e-05
-2.1358e-05
-2.1358e-05
-2.1358e-05
-2.1358e-05
0.00019222
-2.1358e-05
-2.1358e-05
-2.1358e-05
-2.1358e-05
1.7799e-06
1.7799e-06
1.7799e-06
1.7799e-06
1.7799e-06
-1.6019e-05
1.7799e-06
1.7799e-06
1.7799e-06
1.7799e-06
1.7799e-06
1.7799e-06
1.7799e-06
1.7799e-06
1.7799e-06
-1.6019e-05
1.7799e-06
1.7799e-06
1.7799e-06
1.7799e-06
1.7799e-06
1.7799e-06
1.7799e-06
1.7799e-06
1.7799e-06
-1.6019e-05
1.7799e-06
1.7799e-06
1.7799e-06
1.7799e-06
1.7799e-06
1.7799e-06
1.7799e-06
1.7799e-06
1.7799e-06
-1.6019e-05
1.7799e-06
1.7799e-06
1.7799e-06
1.7799e-06
1.7799e-06
1.7799e-06
1.7799e-06
1.7799e-06
1.7799e-06
-1.6019e-05
1.7799e-06
1.7799e-06
1.7799e-06
1.7799e-06
1.7799e-06
1.7799e-06
1.7799e-06
1.7799e-06
1.7799e-06
-1.6019e-05
1.7799e-06
1.7799e-06
1.7799e-06
1.7799e-06
1.7799e-06
1.7799e-06
1.7799e-06
1.7799e-06
1.7799e-06
-1.6019e-05
1.7799e-06
1.7799e-06
1.7799e-06
1.7799e-06
1.7799e-06
1.7799e-06
1.7799e-06
1.7799e-06
1.7799e-06
-1.6019e-05
1.7799e-06
1.7799e-06
1.7799e-06
1.7799e-06
1.7799e-06
1.7799e-06
1.7799e-06
1.7799e-06
1.7799e-06
-1.6019e-05
1.7799e-06
1.7799e-06
1.7799e-06
1.7799e-06
1.7799e-06
1.7799e-06
1.7799e-06
1.7799e-06
1.7799e-06
-1.6019e-05
1.7799e-06
1.7799e-06
1.7799e-06
1.7799e-06
1.7799e-06
1.7799e-06
1.7799e-06
1.7799e-06
1.7799e-06
-1.6019e-05
1.7799e-06
1.7799e-06
1.7799e-06
1.7799e-06
1.7799e-06
1.7799e-06
1.7799e-06
1.7799e-06
1.7799e-06
-1.6019e-05
1.7799e-06
1.7799e-06
1.7799e-06
1.7799e-06
-2.1358e-05
-2.1358e-05
-2.1358e-05
-2.1358e-05
-2.1358e-05
0.00019222
-2.1358e-05
-2.1358e-05
-2.1358e-05
-2.1358e-05
1.7799e-06
1.7799e-06
1.7799e-06
1.7799e-06
1.7799e-06
-1.6019e-05
1.7799e-06
1.7799e-06
1.7799e-06
1.7799e-06
1.7799e-06
1.7799e-06
1.7799e-06
1.7799e-06
1.7799e-06
-1.6019e-05
1.7799e-06
1.7799e-06
1.7799e-06
1.7799e-06
1.7799e-06
1.7799e-06
1.7799e-06
1.7799e-06
1.7799e-06
-1.6019e-05
1.7799e-06
1.7799e-06
1.7799e-06
1.7799e-06
1.7799e-06
1.7799e-06
1.7799e-06
1.7799e-06
1.7799e-06
-1.6019e-05
1.7799e-06
1.7799e-06
1.7799e-06
1.7799e-06
1.7799e-06
1.7799e-06
1.7799e-06
1.7799e-06
1.7799e-06
-1.6019e-05
1.7799e-06
1.7799e-06
1.7799e-06
1.7799e-06
-1.9578e-05
-1.9578e-05
-1.9578e-05
-1.9578e-05
-1.9578e-05
0.00017621
-1.9578e-05
-1.9578e-05
-1.9578e-05
-1.9578e-05
-1.9578e-05
-1.9578e-05
-1.9578e-05
-1.9578e-05
-1.9578e-05
0.00017621
-1.9578e-05
-1.9578e-05
-1.9578e-05
-1.9578e-05
-1.9578e-05
-1.9578e-05
-1.9578e-05
-1.9578e-05
-1.9578e-05
0.00017621
-1.9578e-05
-1.9578e-05
-1.9578e-05
-1.9578e-05
-1.9578e-05
-1.9578e-05
-1.9578e-05
-1.9578e-05
-1.9578e-05
0.00017621
-1.9578e-05
-1.9578e-05
-1.9578e-05
-1.9578e-05
-1.9578e-05
-1.9578e-05
-1.9578e-05
-1.9578e-05
-1.9578e-05
0.00017621
-1.9578e-05
-1.9578e-05
-1.9578e-05
-1.9578e-05
-1.9578e-05
-1.9578e-05
-1.9578e-05
-1.9578e-05
-1.9578e-05
0.00017621
-1.9578e-05
-1.9578e-05
-1.9578e-05
-1.9578e-05
-1.9578e-05
-1.9578e-05
-1.9578e-05
-1.9578e-05
-1.9578e-05
0.00017621
-1.9578e-05
-1.9578e-05
-1.9578e-05
-1.9578e-05
0.00023494
0.00023494
0.00023494
0.00023494
0.00023494
-0.0021145
0.00023494
0.00023494
0.00023494
0.00023494
-1.9578e-05
-1.9578e-05
-1.9578e-05
-1.9578e-05
-1.9578e-05
0.00017621
-1.9578e-05
-1.9578e-05
-1.9578e-05
-1.9578e-05
-1.9578e-05
-1.9578e-05
-1.9578e-05
-1.9578e-05
-1.9578e-05
0.00017621
-1.9578e-05
-1.9578e-05
-1.9578e-05
-1.9578e-05
-1.9578e-05
-1.9578e-05
-1.9578e-05
-1.9578e-05
-1.9578e-05
0.00017621
-1.9578e-05
-1.9578e-05
-1.9578e-05
-1.9578e-05
-1.9578e-05
-1.9578e-05
-1.9578e-05
-1.9578e-05
-1.9578e-05
0.00017621
-1.9578e-05
-1.9578e-05
-1.9578e-05
-1.9578e-05
-1.9578e-05
-1.9578e-05
-1.9578e-05
-1.9578e-05
-1.9578e-05
0.00017621
-1.9578e-05
-1.9578e-05
-1.9578e-05
-1.9578e-05
1.7799e-06
1.7799e-06
1.7799e-06
1.7799e-06
1.7799e-06
-1.6019e-05
1.7799e-06
1.7799e-06
1.7799e-06
1.7799e-06
1.7799e-06
1.7799e-06
1.7799e-06
1.7799e-06
1.7799e-06
-1.6019e-05
1.7799e-06
1.7799e-06
1.7799e-06
1.7799e-06
1.7799e-06
1.7799e-06
1.7799e-06
1.7799e-06
1.7799e-06
-1.6019e-05
1.7799e-06
1.7799e-06
1.7799e-06
1.7799e-06
1.7799e-06
1.7799e-06
1.7799e-06
1.7799e-06
1.7799e-06
-1.6019e-05
1.7799e-06
1.7799e-06
1.7799e-06
1.7799e-06
1.7799e-06
1.7799e-06
1.7799e-06
1.7799e-06
1.7799e-06
-1.6019e-05
1.7799e-06
1.7799e-06
1.7799e-06
1.7799e-06
1.7799e-06
1.7799e-06
1.7799e-06
1.7799e-06
1.7799e-06
-1.6019e-05
1.7799e-06
1.7799e-06
1.7799e-06
1.7799e-06
1.7799e-06
1.7799e-06
1.7799e-06
1.7799e-06
1.7799e-06
-1.6019e-05
1.7799e-06
1.7799e-06
1.7799e-06
1.7799e-06
-2.1358e-05
-2.1358e-05
-2.1358e-05
-2.1358e-05
-2.1358e-05
0.00019222
-2.1358e-05
-2.1358e-05
-2.1358e-05
-2.1358e-05
1.7799e-06
1.7799e-06
1.7799e-06
1.7799e-06
1.7799e-06
-1.6019e-05
1.7799e-06
1.7799e-06
1.7799e-06
1.7799e-06
1.7799e-06
1.7799e-06
1.7799e-06
1.7799e-06
1.7799e-06
-1.6019e-05
1.7799e-06
1.7799e-06
1.7799e-06
1.7799e-06
1.7799e-06
1.7799e-06
1.7799e-06
1.7799e-06
1.7799e-06
-1.6019e-05
1.7799e-06
1.7799e-06
1.7799e-06
1.7799e-06
1.7799e-06
1.7799e-06
1.7799e-06
1.7799e-06
1.7799e-06
-1.6019e-05
1.7799e-06
1.7799e-06
1.7799e-06
1.7799e-06
1.7799e-06
1.7799e-06
1.7799e-06
1.7799e-06
1.7799e-06
-1.6019e-05
1.7799e-06
1.7799e-06
1.7799e-06
1.7799e-06
1.7799e-06
1.7799e-06
1.7799e-06
1.7799e-06
1.7799e-06
-1.6019e-05
1.7799e-06
1.7799e-06
1.7799e-06
1.7799e-06
1.7799e-06
1.7799e-06
1.7799e-06
1.7799e-06
1.7799e-06
-1.6019e-05
1.7799e-06
1.7799e-06
1.7799e-06
1.7799e-06
1.7799e-06
1.7799e-06
1.7799e-06
1.7799e-06
1.7799e-06
-1.6019e-05
1.7799e-06
1.7799e-06
1.7799e-06
1.7799e-06
1.7799e-06
1.7799e-06
1.7799e-06
1.7799e-06
1.7799e-06
-1.6019e-05
1.7799e-06
1.7799e-06
1.7799e-06
1.7799e-06
1.7799e-06
1.7799e-06
1.7799e-06
1.7799e-06
1.7799e-06
-1.6019e-05
1.7799e-06
1.7799e-06
1.7799e-06
1.7799e-06
1.7799e-06
1.7799e-06
1.7799e-06
1.7799e-06
1.7799e-06
-1.6019e-05
1.7799e-06
1.7799e-06
1.7799e-06
1.7799e-06
1.7799e-06
1.7799e-06
1.7799e-06
1.7799e-06
1.7799e-06
-1.6019e-05
1.7799e-06
1.7799e-06
1.7799e-06
1.7799e-06
-2.1358e-05
-2.1358e-05
-2.1358e-05
-2.1358e-05
-2.1358e-05
0.00019222
-2.1358e-05
-2.1358e-05
-2.1358e-05
-2.1358e-05
1.7799e-06
1.7799e-06
1.7799e-06
1.7799e-06
1.7799e-06
-1.6019e-05
1.7799e-06
1.7799e-06
1.7799e-06
1.7799e-06
1.7799e-06
1.7799e-06
1.7799e-06
1.7799e-06
1.7799e-06
-1.6019e-05
1.7799e-06
1.7799e-06
1.7799e-06
1.7799e-06
1.7799e-06
1.7799e-06
1.7799e-06
1.7799e-06
1.7799e-06
-1.6019e-05
1.7799e-06
1.7799e-06
1.7799e-06
1.7799e-06
1.7799e-06
1.7799e-06
1.7799e-06
1.7799e-06
1.7799e-06
-1.6019e-05
1.7799e-06
1.7799e-06
1.7799e-06
1.7799e-06
1.7799e-06
1.7799e-06
1.7799e-06
1.7799e-06
1.7799e-06
-1.6019e-05
1.7799e-06
1.7799e-06
1.7799e-06
1.7799e-06
1.7799e-06
1.7799e-06
1.7799e-06
1.7799e-06
1.7799e-06
-1.6019e-05
1.7799e-06
1.7799e-06
1.7799e-06
1.7799e-06
1.7799e-06
1.7799e-06
1.7799e-06
1.7799e-06
1.7799e-06
-1.6019e-05
1.7799e-06
1.7799e-06
1.7799e-06
1.7799e-06
1.7799e-06
1.7799e-06
1.7799e-06
1.7799e-06
1.7799e-06
-1.6019e-05
1.7799e-06
1.7799e-06
1.7799e-06
1.7799e-06
1.7799e-06
1.7799e-06
1.7799e-06
1.7799e-06
1.7799e-06
-1.6019e-05
1.7799e-06
1.7799e-06
1.7799e-06
1.7799e-06
1.7799e-06
1.7799e-06
1.7799e-06
1.7799e-06
1.7799e-06
-1.6019e-05
1.7799e-06
1.7799e-06
1.7799e-06
1.7799e-06
1.7799e-06
1.7799e-06
1.7799e-06
1.7799e-06
1.7799e-06
-1.6019e-05
1.7799e-06
1.7799e-06
1.7799e-06
1.7799e-06
1.7799e-06
1.7799e-06
1.7799e-06
1.7799e-06
1.7799e-06
-1.6019e-05
1.7799e-06
1.7799e-06
1.7799e-06
1.7799e-06
-2.1358e-05
-2.1358e-05
-2.1358e-05
-2.1358e-05
-2.1358e-05
0.00019222
-2.1358e-05
-2.1358e-05
-2.1358e-05
-2.1358e-05
1.7799e-06
1.7799e-06
1.7799e-06
1.7799e-06
1.7799e-06
-1.6019e-05
1.7799e-06
1.7799e-06
1.7799e-06
1.7799e-06
1.7799e-06
1.7799e-06
1.7799e-06
1.7799e-06
1.7799e-06
-1.6019e-05
1.7799e-06
1.7799e-06
1.7799e-06
1.7799e-06
1.7799e-06
1.7799e-06
1.7799e-06
1.7799e-06
1.7799e-06
-1.6019e-05
1.7799e-06
1.7799e-06
1.7799e-06
1.7799e-06
1.7799e-06
1.7799e-06
1.7799e-06
1.7799e-06
1.7799e-06
-1.6019e-05
1.7799e-06
1.7799e-06
1.7799e-06
1.7799e-06
1.7799e-06
1.7799e-06
1.7799e-06
1.7799e-06
1.7799e-06
-1.6019e-05
1.7799e-06
1.7799e-06
1.7799e-06
1.7799e-06
0.00032575
0.0003737
0.00094012
0.00031105
0.0003737
-0.00060944
0.00043483
-0.0019386
-0.00064438
0.00043331
-0.0010121
-0.00096419
-0.0010114
-0.00021771
-0.00096419
0.0075462
-0.00090306
-0.0010086
-0.00056026
-0.00090458
0.00016887
0.00021682
0.00016962
0.00015417
0.00021682
-0.002647
0.00027795
0.00054557
0.00062075
0.00027643
0.001093
0.0011409
0.0010937
0.0010783
0.0011409
-0.0058941
0.001202
-0.0036001
0.0015448
0.0012005
0.0010422
0.00046685
0.00041965
-0.003525
0.00046685
-0.00051629
0.00052798
0.0004224
0.00016886
0.00052646
0.0015153
0.0015633
0.0015161
0.0012202
0.0015633
-0.0066479
0.0016244
-0.0059448
0.0019672
0.0016229
1.8123e-05
6.607e-05
1.8868e-05
3.4209e-06
6.607e-05
-0.00091706
0.0001272
2.1621e-05
0.00047
0.00012569
-0.00099923
-0.00095128
-0.00099848
-0.014536
-0.00095128
0.008941
-0.00089015
0.011825
-0.00054735
-0.00089167
0.00082625
0.0008742
0.000827
6.9741e-06
0.0008742
-0.0028029
-0.00052022
0.00082975
-0.0018491
0.00093381
-0.0013761
-0.0013281
-0.0013753
0.0051593
-0.0013281
0.0050808
-0.001267
-0.0013726
-0.00092421
-0.0012685
-0.001205
-0.0011571
-0.0012043
0.0071004
-0.0011571
0.00073414
-0.001096
0.00061056
-0.00075315
-0.0018725
-0.00021315
-0.0001652
-0.0002124
0.0020849
-0.0001652
-0.0011483
-0.00010407
-0.00020965
0.00023873
-0.00010559
-0.00018387
-0.00013593
-0.00018313
0.0011606
-0.00013593
-0.0011191
0.00058603
-0.00018038
0.00026801
-7.6311e-05
0.00032575
0.0003737
0.00094012
0.00031105
0.0003737
-0.00060944
0.00043483
-0.0019386
-0.00064438
0.00043331
-0.0010121
-0.00096419
-0.0010114
-0.00021771
-0.00096419
0.0075462
-0.00090306
-0.0010086
-0.00056026
-0.00090458
0.00016887
0.00021682
0.00016962
0.00015417
0.00021682
-0.002647
0.00027795
0.00054557
0.00062075
0.00027643
0.001093
0.0011409
0.0010937
0.0010783
0.0011409
-0.0058941
0.001202
-0.0036001
0.0015448
0.0012005
0.0010422
0.00046685
0.00041965
-0.003525
0.00046685
-0.00051629
0.00052798
0.0004224
0.00016886
0.00052646
0.0015153
0.0015633
0.0015161
0.0012202
0.0015633
-0.0066479
0.0016244
-0.0059448
0.0019672
0.0016229
1.8123e-05
6.607e-05
1.8868e-05
3.4209e-06
6.607e-05
-0.00091706
0.0001272
2.1621e-05
0.00047
0.00012569
-0.00099923
-0.00095128
-0.00099848
-0.014536
-0.00095128
0.008941
-0.00089015
0.011825
-0.00054735
-0.00089167
0.00082625
0.0008742
0.000827
6.9741e-06
0.0008742
-0.0028029
-0.00052022
0.00082975
-0.0018491
0.00093381
-0.0013761
-0.0013281
-0.0013753
0.0051593
-0.0013281
0.0050808
-0.001267
-0.0013726
-0.00092421
-0.0012685
-0.001205
-0.0011571
-0.0012043
0.0071004
-0.0011571
0.00073414
-0.001096
0.00061056
-0.00075315
-0.0018725
-0.00021315
-0.0001652
-0.0002124
0.0020849
-0.0001652
-0.0011483
-0.00010407
-0.00020965
0.00023873
-0.00010559
-0.00018387
-0.00013593
-0.00018313
0.0011606
-0.00013593
-0.0011191
0.00058603
-0.00018038
0.00026801
-7.6311e-05
0.00032575
0.0003737
0.00094012
0.00031105
0.0003737
-0.00060944
0.00043483
-0.0019386
-0.00064438
0.00043331
-0.0010121
-0.00096419
-0.0010114
-0.00021771
-0.00096419
0.0075462
-0.00090306
-0.0010086
-0.00056026
-0.00090458
0.00016887
0.00021682
0.00016962
0.00015417
0.00021682
-0.002647
0.00027795
0.00054557
0.00062075
0.00027643
0.001093
0.0011409
0.0010937
0.0010783
0.0011409
-0.0058941
0.001202
-0.0036001
0.0015448
0.0012005
0.0010422
0.00046685
0.00041965
-0.003525
0.00046685
-0.00051629
0.00052798
0.0004224
0.00016886
0.00052646
0.0015153
0.0015633
0.0015161
0.0012202
0.0015633
-0.0066479
0.0016244
-0.0059448
0.0019672
0.0016229
1.8123e-05
6.607e-05
1.8868e-05
3.4209e-06
6.607e-05
-0.00091706
0.0001272
2.1621e-05
0.00047
0.00012569
-0.00099923
-0.00095128
-0.00099848
-0.014536
-0.00095128
0.008941
-0.00089015
0.011825
-0.00054735
-0.00089167
0.00082625
0.0008742
0.000827
6.9741e-06
0.0008742
-0.0028029
-0.00052022
0.00082975
-0.0018491
0.00093381
-0.0013761
-0.0013281
-0.0013753
0.0051593
-0.0013281
0.0050808
-0.001267
-0.0013726
-0.00092421
-0.0012685
-0.001205
-0.0011571
-0.0012043
0.0071004
-0.0011571
0.00073414
-0.001096
0.00061056
-0.00075315
-0.0018725
-0.00021315
-0.0001652
-0.0002124
0.0020849
-0.0001652
-0.0011483
-0.00010407
-0.00020965
0.00023873
-0.00010559
-0.00018387
-0.00013593
-0.00018313
0.0011606
-0.00013593
-0.0011191
0.00058603
-0.00018038
0.00026801
-7.6311e-05
0.00032575
0.0003737
0.00094012
0.00031105
0.0003737
-0.00060944
0.00043483
-0.0019386
-0.00064438
0.00043331
-0.0010121
-0.00096419
-0.0010114
-0.00021771
-0.00096419
0.0075462
-0.00090306
-0.0010086
-0.00056026
-0.00090458
0.00016887
0.00021682
0.00016962
0.00015417
0.00021682
-0.002647
0.00027795
0.00054557
0.00062075
0.00027643
0.001093
0.0011409
0.0010937
0.0010783
0.0011409
-0.0058941
0.001202
-0.0036001
0.0015448
0.0012005
0.0010422
0.00046685
0.00041965
-0.003525
0.00046685
-0.00051629
0.00052798
0.0004224
0.00016886
0.00052646
0.0015153
0.0015633
0.0015161
0.0012202
0.0015633
-0.0066479
0.0016244
-0.0059448
0.0019672
0.0016229
1.8123e-05
6.607e-05
1.8868e-05
3.4209e-06
6.607e-05
-0.00091706
0.0001272
2.1621e-05
0.00047
0.00012569
-0.00099923
-0.00095128
-0.00099848
-0.014536
-0.00095128
0.008941
-0.00089015
0.011825
-0.00054735
-0.00089167
0.00082625
0.0008742
0.000827
6.9741e-06
0.0008742
-0.0028029
-0.00052022
0.00082975
-0.0018491
0.00093381
-0.0013761
-0.0013281
-0.0013753
0.0051593
-0.0013281
0.0050808
-0.001267
-0.0013726
-0.00092421
-0.0012685
-0.001205
-0.0011571
-0.0012043
0.0071004
-0.0011571
0.00073414
-0.001096
0.00061056
-0.00075315
-0.0018725
-0.00021315
-0.0001652
-0.0002124
0.0020849
-0.0001652
-0.0011483
-0.00010407
-0.00020965
0.00023873
-0.00010559
-0.00018387
-0.00013593
-0.00018313
0.0011606
-0.00013593
-0.0011191
0.00058603
-0.00018038
0.00026801
-7.6311e-05
0.00032575
0.0003737
0.00094012
0.00031105
0.0003737
-0.00060944
0.00043483
-0.0019386
-0.00064438
0.00043331
-0.0010121
-0.00096419
-0.0010114
-0.00021771
-0.00096419
0.0075462
-0.00090306
-0.0010086
-0.00056026
-0.00090458
0.00016887
0.00021682
0.00016962
0.00015417
0.00021682
-0.002647
0.00027795
0.00054557
0.00062075
0.00027643
0.001093
0.0011409
0.0010937
0.0010783
0.0011409
-0.0058941
0.001202
-0.0036001
0.0015448
0.0012005
0.0010422
0.00046685
0.00041965
-0.003525
0.00046685
-0.00051629
0.00052798
0.0004224
0.00016886
0.00052646
0.0015153
0.0015633
0.0015161
0.0012202
0.0015633
-0.0066479
0.0016244
-0.0059448
0.0019672
0.0016229
1.8123e-05
6.607e-05
1.8868e-05
3.4209e-06
6.607e-05
-0.00091706
0.0001272
2.1621e-05
0.00047
0.00012569
-0.00099923
-0.00095128
-0.00099848
-0.014536
-0.00095128
0.008941
-0.00089015
0.011825
-0.00054735
-0.00089167
0.00082625
0.0008742
0.000827
6.9741e-06
0.0008742
-0.0028029
-0.00052022
0.00082975
-0.0018491
0.00093381
-0.0013761
-0.0013281
-0.0013753
0.0051593
-0.0013281
0.0050808
-0.001267
-0.0013726
-0.00092421
-0.0012685
-0.001205
-0.0011571
-0.0012043
0.0071004
-0.0011571
0.00073414
-0.001096
0.00061056
-0.00075315
-0.0018725
-0.00021315
-0.0001652
-0.0002124
0.0020849
-0.0001652
-0.0011483
-0.00010407
-0.00020965
0.00023873
-0.00010559
-0.00018387
-0.00013593
-0.00018313
0.0011606
-0.00013593
-0.0011191
0.00058603
-0.00018038
0.00026801
-7.6311e-05
-0.0016287
-0.0018685
-0.0047006
-0.0015552
-0.0018685
0.0030472
-0.0021741
0.0096932
0.0032219
-0.0021666
0.0050607
0.004821
0.005057
0.0010886
0.004821
-0.037731
0.0045153
0.0050432
0.0028013
0.0045229
-0.00084436
-0.0010841
-0.00084809
-0.00077085
-0.0010841
0.013235
-0.0013898
-0.0027278
-0.0031038
-0.0013822
-0.0054648
-0.0057046
-0.0054686
-0.0053913
-0.0057046
0.029471
-0.0060102
0.018
-0.0077242
-0.0060026
-0.0052111
-0.0023342
-0.0020982
0.017625
-0.0023342
0.0025814
-0.0026399
-0.002112
-0.0008443
-0.0026323
-0.0075767
-0.0078165
-0.0075804
-0.0061008
-0.0078165
0.03324
-0.0081221
0.029724
-0.0098361
-0.0081145
-9.0614e-05
-0.00033035
-9.4342e-05
-1.7105e-05
-0.00033035
0.0045853
-0.00063602
-0.0001081
-0.00235
-0.00062843
0.0049961
0.0047564
0.0049924
0.072682
0.0047564
-0.044705
0.0044507
-0.059124
0.0027367
0.0044583
-0.0041313
-0.004371
-0.004135
-3.487e-05
-0.004371
0.014014
0.0026011
-0.0041487
0.0092453
-0.0046691
0.0068805
0.0066407
0.0068767
-0.025796
0.0066407
-0.025404
0.0063351
0.006863
0.0046211
0.0063426
0.0060252
0.0057854
0.0060214
-0.035502
0.0057854
-0.0036707
0.0054798
-0.0030528
0.0037658
0.0093624
0.0010657
0.00082601
0.001062
-0.010424
0.00082601
0.0057417
0.00052035
0.0010483
-0.0011936
0.00052793
0.00091937
0.00067963
0.00091564
-0.0058029
0.00067963
0.0055953
-0.0029301
0.00090188
-0.00134
0.00038155
