n
4
q_list
12 6 13 10
site_combn
1
2
3
4
1 2
1 3
1 4
2 3
2 4
3 4
nonspec_type
2
nonspec_param
-0.067234 3.2928
e
-4.3675
0.21927
-0.30257
-0.24955
-0.12417
0.18062
0.24661
0.17807
-0.19335
0.098149
0.10003
-0.0073064
-0.1458
-0.14975
-0.25284
-0.087804
-0.24854
-0.13809
0.87703
0.054138
-0.19396
-0.05901
0.040582
0.15614
0.088884
0.082908
-0.023604
0.094927
-0.17981
-0.095233
0.012581
0.021467
-0.17172
-0.26075
-0.20524
0.25474
0.019676
0.20205
0.10598
0.081181
0.1745
-0.20041
-0.17533
-0.17533
-0.17533
-0.17533
-0.17533
0.87667
0.16305
0.16305
0.16305
0.16305
0.16305
-0.81527
0.083661
0.083661
0.083661
0.083661
0.083661
-0.4183
0.11229
0.11229
0.11229
0.11229
0.11229
-0.56144
-0.11004
-0.11004
-0.11004
-0.11004
-0.11004
0.55021
-0.16792
-0.16792
-0.16792
-0.16792
-0.16792
0.83962
-0.075152
-0.075152
-0.075152
-0.075152
-0.075152
0.37576
0.12168
0.12168
0.12168
0.12168
0.12168
-0.6084
-0.10487
-0.10487
-0.10487
-0.10487
-0.10487
0.52435
-0.0003958
-0.0003958
-0.0003958
-0.0003958
-0.0003958
0.001979
0.027342
0.027342
0.027342
0.027342
0.027342
-0.13671
0.12569
0.12569
0.12569
0.12569
0.12569
-0.62847
0.0015061
2.1072e-05
-0.071681
0.0095687
0.0019977
-0.0074853
0.0063104
0.019347
0.035205
0.0014556
-0.0015047
0.0052054
5.3862e-05
0.0015926
-0.0033251
-0.018622
0.0096552
0.0020842
-0.0071779
0.0063969
0.019433
-0.009069
-0.0049824
-0.0014182
0.0052918
0.00014031
0.0015926
-0.0033251
-0.018622
0.0096552
0.0020842
-0.0071779
0.0063969
0.019433
-0.009069
-0.0049824
-0.0014182
0.0052918
0.00014031
0.0015926
-0.0033251
-0.018622
0.0096552
0.0020842
-0.0071779
0.0063969
0.019433
-0.009069
-0.0049824
-0.0014182
0.0052918
0.00014031
0.009971
-0.11265
-0.037957
0.013075
-0.13948
0.012865
0.019449
0.20854
-0.0089101
-0.0015626
0.0020016
0.0087116
0.025946
-0.030939
0.23119
0.14751
-0.12137
-0.022617
-0.10454
-0.13999
-0.013098
0.050197
0.066169
0.01432
-0.044437
-0.032391
0.0012623
0.038341
0.10564
-0.14277
0.10693
-0.064566
-0.022762
0.019103
-0.0093993
-0.0053127
-0.0017485
-0.024535
-0.00018998
0.0051381
0.00022044
-0.015076
0.013201
0.0056297
-0.049724
0.0099424
0.022979
-0.0055234
-0.0014368
0.0021273
0.0088374
0.0036859
0.020929
-0.04312
0.00071501
0.039687
0.052461
0.084672
0.10609
-0.32173
0.010268
-0.011995
0.017919
0.024629
0.019477
-0.0036971
-0.0086148
-0.023911
0.09741
-0.0032055
0.121
0.0011072
-0.15087
-0.014359
-0.010272
-0.0067079
0.0072636
-0.0051494
-0.00048756
-0.082034
-0.020702
0.06263
4.0214e-06
0.046539
0.0043167
0.017353
-0.011149
-0.0070625
-0.01068
0.0032117
-0.0019398
-0.0084609
-0.013379
-0.028675
-0.00039829
-0.0079693
-0.017231
-0.0036566
0.14008
-0.019122
-0.015036
-0.011472
-0.0047617
-0.0099132
-0.0306
-0.0306
-0.0306
-0.042075
-0.0306
-0.11648
0.16056
0.093828
0.057174
-0.0306
0.016407
0.016407
0.016407
-0.063999
0.016407
0.01597
-0.0059423
-0.023805
-0.0042582
0.016407
0.0095936
0.0095936
0.0095936
-0.0018815
0.0095936
0.0091562
-0.012756
-0.031416
-0.011072
0.0095936
0.013372
0.013372
0.013372
-0.036687
0.013372
0.012935
-0.0089769
-0.02684
-0.0072929
0.013372
-0.0019681
-0.0019681
-0.0019681
0.13228
-0.0019681
0.072876
-0.010245
-0.16244
-0.022633
-0.0019681
-0.032908
-0.032908
-0.032908
-0.037991
-0.032908
-0.1079
0.012029
0.20523
0.093172
-0.032908
-0.011655
-0.011655
-0.011655
-0.023131
-0.011655
0.025331
-0.034005
0.1224
-0.032321
-0.011655
0.024303
0.024303
0.024303
0.012828
0.024303
-0.12402
0.0019535
-0.015909
0.0036376
0.024303
0.00063401
0.00063401
0.00063401
0.053593
0.00063401
0.051236
-0.04839
-0.039578
-0.020031
0.00063401
0.0080133
0.0080133
0.0080133
0.025206
0.0080133
0.0075759
-0.014336
-0.04586
-0.012652
0.0080133
-0.0047051
-0.0047051
-0.0047051
-0.01618
-0.0047051
0.14425
-0.027054
-0.044917
-0.032572
-0.0047051
0.0095139
0.0095139
0.0095139
-0.0019613
0.0095139
0.0090765
-0.012835
-0.030698
-0.011151
0.0095139
-0.033259
0.011995
-0.016776
-0.017542
-0.0174
-0.032622
0.0099766
0.0099766
-0.022104
0.027775
0.053983
0.0099766
0.016019
-0.033259
0.011995
-0.016776
-0.017542
-0.0174
-0.032622
0.0099766
0.0099766
-0.022104
0.027775
0.053983
0.0099766
0.016019
-0.033259
0.011995
-0.016776
-0.017542
-0.0174
-0.032622
0.0099766
0.0099766
-0.022104
0.027775
0.053983
0.0099766
0.016019
-0.033259
0.011995
-0.016776
-0.017542
-0.0174
-0.032622
0.0099766
0.0099766
-0.022104
0.027775
0.053983
0.0099766
0.016019
-0.033259
0.011995
-0.016776
-0.017542
-0.0174
-0.032622
0.0099766
0.0099766
-0.022104
0.027775
0.053983
0.0099766
0.016019
0.16629
-0.059973
0.083878
0.087711
0.086998
0.16311
-0.049883
-0.049883
0.11052
-0.13888
-0.26991
-0.049883
-0.080097
0.15187
0.17032
0.15739
-0.22899
0.083358
-0.29011
-0.055127
-0.12335
-0.045926
0.18056
0.15187
0.17032
0.15739
-0.22899
0.083358
-0.29011
-0.055127
-0.12335
-0.045926
0.18056
0.15187
0.17032
0.15739
-0.22899
0.083358
-0.29011
-0.055127
-0.12335
-0.045926
0.18056
0.15187
0.17032
0.15739
-0.22899
0.083358
-0.29011
-0.055127
-0.12335
-0.045926
0.18056
0.15187
0.17032
0.15739
-0.22899
0.083358
-0.29011
-0.055127
-0.12335
-0.045926
0.18056
-0.75933
-0.85161
-0.78695
1.1449
-0.41679
1.4506
0.27564
0.61674
0.22963
-0.90281
0.011148
0.011148
0.011148
-0.019723
0.0049858
-0.12189
-0.0034054
0.045424
0.050014
0.011148
0.0037332
0.0037332
0.0037332
0.033861
-0.0024286
-0.058235
-0.01082
0.031689
-0.0089997
0.0037332
0.021098
0.021098
0.021098
-0.009772
0.014936
0.067731
0.0065452
-0.1722
0.0083654
0.021098
0.00092366
0.00092366
0.00092366
-0.029947
-0.0052381
0.040463
-0.013629
0.112
-0.10734
0.00092366
-0.015756
-0.015756
-0.015756
-0.0041775
-0.021918
-0.056749
0.044423
0.01852
0.082924
-0.015756
-0.015466
-0.015466
-0.015466
-0.046336
-0.021627
0.0071397
-0.030019
0.1809
-0.028198
-0.015466
0.0047156
0.0047156
0.0047156
-0.026155
-0.0014462
-0.012398
-0.0098375
0.038992
-0.0080173
0.0047156
0.027813
0.027813
0.027813
0.33782
0.10175
-0.1303
0.029718
-0.46341
0.013175
0.027813
-0.030135
-0.030135
-0.030135
-0.061006
-0.036297
-0.00753
0.11961
-0.0067148
0.11248
-0.030135
0.00074363
0.00074363
0.00074363
-0.030127
-0.0054182
0.023349
-0.013809
0.03502
-0.011989
0.00074363
-0.010578
-0.010578
-0.010578
-0.041449
-0.01674
0.13079
-0.025131
0.018155
-0.023311
-0.010578
0.005769
0.005769
0.005769
-0.068109
-0.00039279
0.028374
-0.01603
0.040045
-0.0069639
0.005769
-0.0040083
-0.0040083
-0.0040083
-0.034879
-0.01017
0.089253
-0.077614
0.12158
-0.072139
-0.0040083
