0.0297273190995729
-0.0462403782226665
0.0676410939430239
-0.436702852466259
-0.045034598384297
-0.226413598182639
0.136214105983075
0.220328975055589
0.101133673602859
0.116105815333757
0.22915377438541
0.191036361799725
0.0414752257348247
0.961207257823553
-0.0486692684337273
0.050017412907181
0.141428788876025
-0.411676726944059
0.188354865035577
0.327639562844405
0.079667280642061
0.300569147642497
0.561035563727279
1.25551196597509
-0.308588819135108
0.348693025242832
-0.710437460720292
1.05852758891273
1.18129580204422
-0.910442463149229
-0.440507280646332
-0.981338908216803
0.119359431585437
-0.0164592376699548
-0.219587077751814
-0.202565765568566
-0.208863209256136
-0.0138290907255787
-0.053658963911123
1.23861980924657
0.246750166354983
-0.310205782249872
0.559631098586828
0.0427399327903718
0.190923364269366
-1.95980620521417
-1.18578853920915
3.47894080740026
0.111410209967403
-0.00133790103023331
-0.110863542598533
0.649347711700223
-0.26902165298562
-0.481499442923189
1.00916236143877
-0.613736623469002
-0.309848491107933
0.119491996490079
0.196577127988513
-2.87451966553509
-0.470394087510993
2.57567830100587
-0.958345870347577
-1.67843910993042
-0.00674435111686913
0.342295486221149
-0.419233105191264
-0.294376179563581
0.205441902797094
-0.468657068505638
0.239790658339228
-0.261616570919529
0.441455643017516
0.671358659102765
0.302933137602253
-1.26192708894263
-0.50509637791441
-0.526857192701106
-0.335652869105232
-2.68533378273867
0.0481145140676215
-0.27118167168564
0.757177722406081
1.11760806055583
-0.304778138499505
0.474950895304617
0.492872723576609
-0.77073873686752
-0.166063000026492
1.1928443714513
0.329206020995799
-2.01311563736013
-1.11356708528792
-1.13638772349298
-1.69744237553838
-0.150880711761625
-0.495570193078736
-0.0467975982768492
-0.354675687410521
0.396984210559979
-0.311387424096918
-0.902295161031495
0.0222319978691622
2.40236220554176
0.475139797531689
1.41022404728657
-0.481823749944108
-0.472792006887182
1.01324514657277
-0.710943540522002
2.46352829986841
-1.10168852696763
0.221620169994406
0.30919911562061
-0.788776313848848
0.173517466216105
0.324447636286479
1.67571775063221
0.581801926464346
-3.02315080965768
-0.0666256942715529
1.798099619071
0.189314603037482
-2.3373376934585
0.713696876288915
0.923586229678283
5.11461226661004
7.45315719231989
-0.161006750872895
0.0016194803004605
-0.00937821247592057
-0.486987013064314
-0.492602504733907
0.502924288885959
-0.0724242624766358
1.44447062736507
-0.0407601324393062
0.655383363923652
0.238633732959426
0.451149677849734
0.562029900277752
1.50477427051882
0.389824971125809
-0.282022701627086
-0.172071857452983
0.657465505755577
0.978478008451093
2.0593118052371
-0.39341615838441
0.196847713912049
0.903759345343634
-0.198915388466686
-0.461639397913525
-1.41258072885966
-0.449063573155143
0.17621337967504
-0.418506074907028
0.466578368230084
-0.819012571275068
2.79805354848355
0.337117498467337
-0.515853388647406
-0.489736856246328
-0.819163351297244
-0.604768147196329
-1.23934243551955
-0.866399056862509
-1.58908432807923
-0.167601555385592
-2.12329537689722
2.33947308534847
3.05043140319491
0.785074227889223
-1.19892342253321
5.35485007913496
2.99402002868323
0.286022400759286
0.420308084654088
-1.2453305823489
-2.58676611554686
-0.309242969114381
0.470746040590499
0.853547034771189
-0.201244713230071
1.37929996791164
3.6846441934388
1.39448603949888
-3.99543353643357
-0.609813875551457
3.78056850695405
1.48819955922826
-9.15251895891728
0.141657387151007
-0.526973853607458
0.406701626794501
0.174585895051648
0.116834843479894
-1.26173100485899
2.08892562114844
2.59106634550717
0.0109536392915171
-0.836872436976512
1.63518492566669
-3.05794889793464
-0.429815776224286
2.14160651399594
-1.13682914957714
-5.89424963208276
-0.119423260449046
0.494602448909535
-0.64218453848166
0.716828749538986
0.177528105936225
0.47789581418648
-2.95231669011503
-2.43442223529236
-0.785672131379686
-0.415111672746273
-1.09861867724572
-2.85372285777614
-0.232318812872318
1.3299898047927
-2.5217483629427
-4.03452786710313
-0.534614613009852
-0.634573803877824
0.026611565826932
2.85337908718604
1.92913519129478
-2.29156664225505
0.922473949775952
2.9131513102939
0.172182251165015
1.9594074552918
-0.468164566705488
9.08181546416226
1.60831771024472
-3.39704820767116
-1.26014356886638
-9.27193904934568
1.56094805951394
-0.785145529323101
2.1240019571955
2.55419422206338
1.67956579747281
0.107326593315984
-1.37684913818513
16.6708562740706
3.69619962664201
1.28554257925568
-4.27258818875549
-2.88595246729547
-1.11841158824271
-6.75524305036842
-4.8197981657846
-8.28837994126321
