0.0297273190995729
0.0231201891113333
-0.0338205469715119
-0.109175713116565
0.0225172991921485
-0.0566033995456597
0.0340535264957689
-0.0275411218819486
-0.0505668368014294
0.0290264538334393
0.0572884435963526
-0.0238795452249656
0.0103688064337062
-0.120150907227944
0.00608365855421591
0.0031260883066988
-0.0707143944380125
-0.102919181736015
0.0470887162588943
-0.0409549453555506
0.0199168201605152
-0.0375711434553121
-0.0701294454659099
0.0784694978734429
-0.0771472047837768
-0.043586628155354
0.0888046825900364
0.0661579743070454
-0.147661975255527
-0.0569026539468268
-0.0275317050403958
0.0306668408817751
-0.0596797157927186
-0.00411480941748871
-0.0548967694379534
0.0253207206960708
-0.0522158023140341
0.00172863634069735
0.00670737048889038
0.0774137380779105
0.0616875415887457
0.038775722781234
-0.0699538873233535
0.00267124579939826
-0.0238654205336708
-0.122487887825886
-0.0741117837005717
-0.108716900231258
0.0278525524918507
0.000167237628779154
0.0138579428248166
0.040584231981264
0.0336277066232025
-0.0300937151826993
0.0630726475899233
0.0191792694834063
0.0387310613884916
0.00746824978063007
0.0122860704992821
0.0898287395479715
-0.029399630469437
-0.0804899469064334
0.0299483084483617
-0.0262256110926629
0.00337217555843455
0.0855738715552873
-0.104808276297816
0.0367970224454476
0.0513604756992735
0.0585821335632048
-0.0299738322924036
-0.0163510356824705
0.110363910754379
-0.0839198323878456
-0.0378666422002816
-0.0788704430589143
0.0631370472393012
-0.0329285745438191
-0.020978304319077
0.0839166807105834
0.0120286285169054
0.033897708960705
-0.0946472153007601
0.0698505037847392
0.0380972673124381
0.0296844309565386
0.030804545223538
0.0240855855271101
0.0207578750033114
0.074552773215706
0.0205753763122374
0.0629098636675041
-0.0695979428304952
0.0355121163591555
0.0530450742355745
-0.00235751112127544
-0.123892548269684
0.00584969978460612
0.0443344609263152
0.0248115131599987
0.0389234280121149
-0.0563934475644684
0.0013894998668226
-0.0750738189231799
-0.0593924746914612
0.0881390029554105
-0.0301139843715068
0.0147747502152245
0.0633278216607984
0.0222169856413126
-0.0769852593708877
-0.0172138832338693
-0.0277025212493007
0.0193249447262882
-0.049298519615553
-0.00542242081925326
0.020277977267905
-0.0523661797072565
-0.0181813102020107
-0.0472367314009013
-0.00416410589197205
-0.056190613095969
-0.00591608134492133
-0.0365209014602892
-0.0223030273840287
0.0144310348387232
0.0799158166657817
-0.0582277905649989
0.0805033754364474
0.00040487007511511
-0.00234455311898013
0.0608733766330392
-0.123150626183477
-0.0628655361107449
0.00905303280957946
0.0902794142103166
-0.0101900331098266
-0.0819229204904564
-0.0298292166199282
0.0281968548656084
-0.0702537375347189
0.0940483919074262
0.0243640606953631
0.0088132094258464
-0.0430179643632458
-0.0821831882194471
-0.122309751056387
0.128706987827319
0.0491770197980512
0.0123029821195031
0.0564849590839771
0.00621610588958393
0.0577049247391907
-0.0882862955537287
-0.0280664733221965
-0.00550666811484501
-0.0261566296816892
-0.01458057400719
0.0255941428523458
0.0437195866950556
0.0842793746168344
0.0644816735809258
0.061217107030791
-0.0511977094560777
0.075596018399541
-0.0774589022199721
-0.0541499410539068
0.0496588852524758
0.0209501944231989
-0.132705961056076
0.146217067834279
-0.095325981349841
0.0490671392430764
0.0374663569541627
-0.167339064972968
0.0467815629481755
-0.0357528000949107
0.0262692552908805
-0.0778331613968059
0.0808364411108392
-0.0193276855696489
-0.0147108137684531
-0.0266733448365996
-0.00314444864422
0.0862062479944774
-0.115145131044963
-0.0435776887343402
-0.0624286490067744
0.019056683610983
0.0590713829211571
0.0232531181129415
0.0715040543665413
0.0354143467877517
0.0658717317009323
-0.0508377033493126
0.010911618440728
-0.0146043554349867
-0.0788581878036869
0.130557851321778
-0.0809708232970992
-0.00136920491143963
-0.052304527311032
0.102199057854168
0.0955609030604576
-0.0268634860140179
-0.0669252035623732
0.0355259109242857
-0.0920976505012929
0.0149279075561308
0.030912653056846
-0.0401365336551038
-0.0224008984230933
0.011095506621014
-0.0149342441933275
0.0922598965660946
-0.0380378474264432
-0.0491045082112304
0.0129722397733211
0.0343318336639288
-0.0445894196527523
0.00725996290225997
0.020781090699886
-0.0394023181709797
0.0315197489617432
0.0668268266262314
-0.039660862742364
0.00166322286418317
-0.0891680964745638
0.120570949455923
0.0716114575704703
-0.0288273109304985
0.0455179892233422
0.0107613906978134
-0.0612314829778686
0.0146301427095465
0.141903366627535
-0.0502599284451474
-0.0530788782448617
-0.0196897432635372
0.072437023823013
0.0975592537196216
0.0245357977913469
-0.0663750611623592
0.0399092847197403
-0.0524864311710254
0.00167697802056216
-0.0215132677841428
-0.130241064641176
-0.115506238332563
0.02008660280087
-0.0667591904493046
0.0225465036507458
-0.0174751810662923
0.0527753363310032
0.0376546731701922
-0.0323764841455597
