-0.626453810742332
-0.0552066680133251
-0.116819398140073
1.0141254223017
0.610263547643386
1.20223516239582
0.955961582557693
-0.209174801667715
0.810097134964414
0.066731703776124
0.0926354338264042
-1.04452317393058
-0.821550810476778
0.257195088830536
0.950995720857887
-0.452706928455076
-1.54744442187734
-0.435659071579483
0.151764399975636
-0.05943503546339
-0.85251061834092
0.121968373432334
-1.11028137135298
-1.75443037020878
-1.73792314782741
-1.55555636672026
-1.25157378710669
-0.566219151402168
-0.0207939478505289
1.04658625986475
0.149929338819831
-2.15298351475299
1.14517461846507
-1.69126687377426
0.367096082280839
-1.96007329089779
1.62081227958342
0.0158593762329871
1.58826734784037
0.608701260875858
1.01918424403905
-0.365644914034106
1.08276276115961
1.90708022589789
0.804246038963067
-0.519576949164413
1.44711811886666
0.230436102311869
0.983386529982128
-1.36274314892918
1.41467947161628
-0.142218441479767
-0.673556455478639
-2.23811419149963
1.10657288965653
-1.33385533331382
-0.44720719003091
-2.62725741278694
3.64455134228878
1.02243837237654
1.49762213196702
2.66922138028858
1.02283507293109
0.150907131765498
0.28688232120315
1.76185488953559
-0.648504729521909
0.202438740951198
-1.94784895218459
-0.785622619755793
1.01684552841556
3.04736611465129
0.717635702473759
0.863539094898843
1.2562214166949
1.22859700104052
1.28500125192689
2.41071298172677
1.48104352158123
2.04390544203362
2.89195041180137
2.73652650003923
-0.217270633912219
0.119840077042495
-2.75820733126215
0.0552859125663063
-2.0489199287209
0.863205746236394
-2.80815862724825
0.443075599606717
1.24778372307194
-1.86158047281299
-0.219940470949315
-3.29581581677346
-0.697313393830634
-0.0592621135637554
-1.2590081930055
1.39589554131576
-2.0045655691957
-1.46309832521906
-3.89776231645552
-0.3978195628206
-2.24344202562686
4.69430973219504
1.08766670932536
-0.602934658724495
-4.6592121469728
-1.1132135368748
-0.977823357134159
-0.847303921499798
-4.08349257072452
0.658640732040649
2.06156882148608
1.43089138113034
-0.443526038443836
-2.19435781401483
3.15984697194657
1.71540284806713
4.19517749683837
-0.521331681972129
-0.446986805207833
1.54908016078967
0.824668626858655
1.37973173066726
1.12418929473866
4.47774327316372
3.69052738645851
1.43326819424484
-3.00847434045731
-3.9308104283716
-5.72868072614417
-3.57273124729799
-0.0776237374137354
0.640943338514635
2.15152917056675
-4.61842658738577
-3.86466356764553
-2.07329216390707
1.45847358209103
0.901587094682028
1.88519344412502
-0.612623761719262
-2.64498450409947
-2.66543326950656
0.554975740795134
-0.345855336842082
2.61303611164568
-5.3233218030796
1.93780378938036
0.55847820260747
-2.07829156928012
-0.628674647601986
-4.10359568148749
-0.598969230645238
-3.5102714086609
-1.95413831074306
0.406576734293631
-1.85542735524739
3.85119910807104
1.42112992432149
2.40992443070759
-0.51978878973727
0.884303443656241
3.16972729730905
5.18353412116605
6.94894741253966
0.0347854551189619
0.320421818918071
-5.45108134792422
-5.21798361167609
2.46522190554774
-0.906315453977388
-2.25691272905846
-1.9435785178321
1.82638889510355
-2.67889978941624
3.20437323104869
3.48276756458598
5.55744566261745
0.205722854468328
2.14288053243014
-6.23692773836449
7.17597145611113
-6.83083466563093
1.60587721713785
-0.513075707936667
2.60917646086475
-0.145758094075357
0.428619602875637
-1.03120448124157
-8.14657135851622
-5.28132470124276
-3.84440058184294
-5.16692869895297
-7.43725253832438
-0.780437528132948
1.6268911662232
-4.80963365035272
-1.74062009103427
1.90987054330732
2.35124197265518
6.08659708489011
8.05007684062734
7.92222734917416
0.463540701435702
-0.0308270222324012
-3.43432271717766
7.75727231562657
-2.23267868897529
-1.98584132347767
1.82707170127623
8.09190703396805
0.460795714293009
-4.01427471873911
-0.0147832239286401
1.02080443856084
6.61660181246629
1.66521690017981
-1.86313068737978
2.59701403451799
-2.49180785753126
4.03404535277182
-9.37447317764394
-6.92257500385092
-6.41035266664
3.71363005338295
2.54444785687009
13.088666237167
-2.85840228738437
-0.166680331814643
4.65278027821267
-1.46557767589265
-10.8246814240919
-1.31311115917416
6.40226313626339
9.6623545262811
-0.0482928086429943
-6.03250835612253
10.1341540474989
7.31948197617796
1.7258377680266
-1.49746582661326
-6.69303504128651
-17.1572525281687
-2.26439258377054
-3.93229035968581
-2.90085321194753
-0.675608195152992
-2.6110530797368
1.25823750333614
20.8150462447022
-5.12774907871405
0.109662103528483
-5.00832898828567
11.5973471629515
-8.28837994126322
