n
3
q_list
20 20 20
site_combn
1
2
3
1 2
1 3
2 3
nonspec_type
2
nonspec_param
-0.0068266 1.0187
e
-1.202
0.49268
-0.29436
3.1569
1.2521
-0.31013
-0.55126
-0.013406
0.21331
-0.29279
0.25614
0.35205
0.47897
-3.8557
0.28674
-0.59347
0.088198
0.10013
0.087655
-0.62572
-0.22801
0.66245
0.067058
-1.3628
0.25406
-0.63868
-1.4427
0.14089
0.87259
3.0919
-0.1144
0.30998
-0.81921
-3.556
0.61413
0.96425
-0.051829
0.17784
0.7262
-0.22718
0.33143
0.40943
0.058376
-0.0622
1.3438
0.29149
-1.3468
0.21611
1.1085
-0.14645
0.95902
0.5558
-0.66398
-3.9044
0.63699
-0.41117
-0.10567
0.35044
0.80149
-0.44472
0.35402
0.11722
-0.061928
0.025077
0.46727
-0.37256
0.016342
-0.083474
0.04372
-0.03358
-0.092507
-0.019554
0.015988
-0.02696
0.0062097
0.0069534
0.005932
0.089998
0.14388
-0.13892
-0.10911
-0.052999
-0.65092
0.1108
0.032191
0.17844
0.11282
0.11956
0.090108
-0.65818
0.2633
0.076919
0.06357
0.069514
0.17102
-0.090111
-0.059324
-0.029382
0.064912
0.047155
0.14061
0.12112
0.0648
-0.22423
-0.8549
0.44385
-0.22361
0.10136
0.14428
0.073961
0.19058
0.25031
0.12353
-0.81348
-0.02031
0.095584
0.10654
0.11079
0.075979
0.058222
0.17563
0.076945
0.12304
-0.068071
-0.33403
-0.20886
-0.24602
0.021527
0.35394
-0.026939
0.15654
0.16847
-0.15846
-0.020319
0.0090546
0.26223
-0.030653
0.0098864
0.20708
-0.34252
0.047157
-0.13833
-0.20432
0.0055704
0.015736
-0.12284
0.36988
0.0084332
-0.10751
0.30524
-0.0087896
-0.028891
0.0072297
-0.035718
0.054767
-0.020715
-0.0057676
-0.0055131
-0.23678
0.20417
-0.055865
-0.037456
0.023012
-0.19208
0.12669
0.081146
0.064112
-0.061533
0.0299
0.0918
0.047739
0.028216
0.063758
0.02081
-0.16877
-0.12585
0.046766
-0.017344
0.089878
-0.036705
-0.074101
0.0083993
-0.18982
-0.16331
-0.078282
0.028199
0.011166
-0.019646
0.0052086
0.067231
-0.0052079
0.037498
0.002991
-0.032137
0.11649
0.048687
-0.0061804
-0.0019315
-0.046929
0.2242
-0.006622
0.094173
-0.065073
-0.0792
0.02732
-0.12627
-0.059787
0.17479
-0.12298
0.11757
-0.0629
-0.016728
0.10495
-0.024134
0.19148
0.040379
0.0253
0.0060712
-0.10928
-0.14213
0.026445
0.020625
-0.2504
0.39593
0.2356
0.040424
0.11962
-0.0094013
-0.12253
-0.14022
0.041255
-0.07019
0.095503
-0.019911
0.0094623
-0.22748
0.0060451
0.010294
-0.024512
-0.04227
-0.067836
0.019705
0.054065
0.051771
0.19102
-0.21258
-0.0039265
0.0046231
-0.025863
0.13175
-0.13339
-0.092744
0.022117
-0.020831
0.031678
0.0019523
0.0051254
0.078462
-0.025432
-0.043189
-0.034309
0.0039
0.029332
-0.073005
0.14812
-0.21729
-0.017194
-0.015859
0.12465
-0.043256
-0.09675
-0.02923
-0.028997
-0.036636
0.032845
-0.021632
-0.031145
-0.0064308
0.064145
0.20054
0.013892
0.13011
-0.082055
-0.0071602
-0.4592
0.19353
-0.089118
-0.02631
0.25113
-0.053707
0.022984
0.030324
-0.18369
-0.047086
-0.092132
0.13672
-0.042031
-0.033822
0.17198
0.04314
0.1364
-0.11725
2.1209
-0.1165
-0.10633
-0.097449
-0.11448
-0.13701
-0.1487
-0.50489
-0.13086
-0.15038
-0.11484
-0.15778
-0.12841
0.63821
-0.13183
-0.12758
-0.16239
-0.18014
-0.13227
-0.04023
-0.0059693
-0.065278
-0.055112
-0.021345
-0.21122
-0.095093
0.089866
-0.11319
-0.079637
-0.099161
-0.063618
1.3382
-0.13107
-0.14319
-0.08061
-0.076361
0.098441
-0.16216
-0.08324
0.017783
-0.23675
0.28393
0.31128
0.099595
0.020549
-0.0019765
-0.17272
-0.05083
0.0041756
0.005639
0.020195
-0.022753
0.0066203
-0.23052
0.14641
0.027955
-0.05807
-0.15559
-0.01491
0.040297
-0.02878
0.013953
0.30066
0.017957
0.015966
0.033328
0.051233
-0.11189
-0.00040727
-0.094385
0.029185
-0.027336
-0.027677
-0.15431
-0.0072849
0.0028691
0.11054
-0.1621
-0.0018213
0.082871
-0.056233
0.020024
0.1693
0.0046579
0.022038
-0.00048766
-0.035681
-0.027884
-0.017969
-0.0046764
-0.0047871
-0.021264
0.024568
-0.031416
-0.067726
-0.0064098
-0.025866
-0.043623
0.020565
0.10331
-0.067333
0.014632
-0.076804
-0.067083
0.016646
0.083367
-0.083665
0.11659
0.021395
0.089259
0.0052286
-0.026656
0.092089
0.001585
-0.00069993
0.003549
-0.108
-0.11627
-0.0011415
-0.215
-0.22533
-0.004445
-0.054409
0.17413
0.035068
-0.057828
-0.22551
0.45917
-0.092464
-0.038328
0.0069741
-0.045734
-0.15751
-0.03073
0.14496
-0.015529
-0.078889
0.37662
0.04479
-0.2352
-0.2902
0.071578
-0.0061065
0.18435
0.16116
-0.038367
-0.13889
0.40126
-0.027093
-0.042368
-0.006825
-0.049773
-0.0204
-0.15635
-0.023817
-0.019568
-0.15069
0.41155
-0.024258
-0.0056823
-0.053737
-0.12969
0.11305
0.02339
0.075757
-0.037359
0.071412
-0.014554
0.095016
-0.039268
0.00018285
-0.017653
0.034733
-0.079304
-0.056645
-0.0026586
0.039063
-0.028307
0.012245
-0.025915
0.25668
0.0074991
0.012456
-0.022918
0.0087069
-0.076856
-0.0039452
-0.16708
-0.026139
-0.17746
0.21703
-0.025813
-0.093649
0.12674
-0.013414
-0.031049
-0.048869
0.037887
0.046112
0.013265
-0.017491
-0.073749
0.14833
0.013901
0.029219
0.052691
-0.12193
0.067881
0.029781
-0.11436
0.019131
-0.14287
-0.00056617
0.021994
0.013694
0.016289
0.0055252
0.023432
0.015832
0.056568
-0.0014111
-0.046303
0.22657
0.041348
-0.43229
0.052746
0.050609
-0.014837
0.057228
0.036436
-0.20338
0.011409
0.13181
-0.12034
0.0046222
0.064082
0.11587
-0.086146
0.055408
0.021232
-0.026532
0.034112
0.0007378
0.0048604
0.026774
0.016258
0.014122
0.029917
-0.049556
-0.12594
0.013649
-0.0077464
0.10535
0.012953
0.0046526
-0.038109
-0.064625
0.014391
0.013503
-0.018395
0.054593
-0.082383
-0.077458
0.064223
0.027181
0.016666
-0.042422
0.014429
-0.027931
-0.079081
0.048316
-0.0073386
-0.04195
0.013361
0.0050604
0.068396
-0.030127
0.081603
0.013255
-0.0070716
-0.032898
-0.18574
0.024157
-0.031964
0.30727
-0.043849
0.056308
-0.044661
0.053474
-0.095981
0.0037231
-0.10611
0.0088736
0.006587
-0.016554
0.011131
0.014825
0.045868
0.032607
0.044935
0.052234
-0.076731
0.11164
0.01092
-0.11172
-0.013911
0.020181
-0.0303
0.0268
-0.073429
0.016149
-0.0016868
-0.022594
0.067613
0.010712
0.016089
0.0025438
-0.034155
-0.015294
0.0013288
0.039599
-0.019783
-0.044784
0.0060549
0.023878
0.041503
-0.048409
0.022765
0.017845
-0.17219
0.10231
-0.010642
-0.029283
0.010058
0.1242
-0.034855
-0.044989
0.011496
0.0038951
0.025342
-0.02668
-0.096833
0.11516
-0.0090011
-0.051428
0.01611
0.031405
0.047854
0.020592
-0.079636
0.0099414
-0.0078944
0.023275
0.012805
0.0025564
0.036474
0.030716
-0.099892
-0.00087223
0.0098321
-0.042234
-0.077183
0.11127
0.00068373
0.032381
0.021866
0.056457
0.033231
0.026348
-0.043728
-0.11027
-0.0021386
-0.0039995
-0.0046072
0.006647
0.030754
0.0020919
-0.059806
0.012398
0.020355
-0.0104
-0.12548
0.0607
0.026669
0.042905
0.03239
0.063747
-0.045177
0.036955
-0.063357
-0.08606
0.0083847
0.0065239
0.039194
-0.057042
-0.019659
0.012615
0.030522
0.026214
-0.1811
-0.21185
1.4324
-0.47702
-0.18046
-0.15855
-0.16906
-0.1712
-0.15966
-0.16458
1.5154
-0.17523
-0.19307
0.12104
-0.17237
-0.18067
-0.17807
0.053545
-0.17093
-0.17853
0.026807
-0.018776
-0.16583
0.038279
0.011613
-0.026009
0.038241
0.10146
-0.036628
0.051012
-0.039053
-0.06774
9.3432e-06
0.035479
-0.031349
0.081131
-0.039581
0.0042399
0.022147
0.014546
0.0060142
-0.026457
0.041495
-0.16685
0.0049348
0.026848
0.016333
-0.081996
0.025735
-0.042625
-0.029055
0.24313
-0.0076719
-0.037754
0.013028
0.0047271
0.0073224
-0.042776
0.072176
-0.026553
-0.029205
-0.033373
-0.089632
0.023682
0.041533
0.070411
0.058344
0.0072802
0.018819
0.013899
-0.08633
0.0032481
-0.014588
-0.019004
-0.0090691
-0.0021887
0.00040661
-0.010357
0.037053
0.019071
-0.0022962
0.15773
-0.078429
0.024628
-0.0010343
0.020879
-0.030831
0.001133
0.013693
0.025449
-0.023514
-0.045058
-0.013641
-0.090037
0.0070586
-0.0012421
0.060506
-0.0094106
0.0084964
-0.024075
0.020669
-0.079499
-0.11699
-0.0036739
-0.029337
0.10039
-0.038659
-0.020075
0.0090864
-0.013457
-0.12368
-0.024107
0.53968
-0.043804
-0.024701
-0.029544
-0.026949
-0.037713
-0.019806
-0.037834
0.0046524
0.098879
-0.082362
-0.14494
0.0052885
0.027202
0.016686
-0.039713
0.18939
-0.11581
-0.12071
0.010517
-0.0073183
-0.021185
0.082961
0.080206
0.007676
-0.0030878
0.014819
-0.0031544
0.018658
-0.078373
-0.068356
-0.095952
0.019295
-0.039811
0.030693
0.055568
0.040094
-0.014297
-0.065054
0.024524
0.0066878
-0.063248
0.027387
0.019087
0.051806
0.010918
0.099149
0.021225
-0.0073249
-0.025129
-0.02942
0.035417
0.037844
-0.041462
-0.003319
0.12271
-0.0057169
0.093274
0.0076379
-0.17059
-0.0071404
0.042861
-0.048267
-0.083209
-0.0085566
0.049664
-0.0056762
0.046404
-0.012276
-0.009459
0.11885
0.041662
0.0013337
-0.041357
0.080948
0.052743
-0.1785
0.037834
-0.056579
-0.0031121
-0.0070351
-0.028059
-0.056779
-0.046799
-0.069321
0.037473
0.18196
-0.043526
0.10374
0.16564
-0.036034
-0.033118
-0.0092419
-0.046924
0.01907
-0.1112
-0.011179
-0.076582
0.0021759
-0.01193
-0.012602
-0.12356
-0.043208
0.010523
0.073947
0.10068
0.04043
-0.00062784
0.019902
0.031105
-0.017669
0.11846
0.098453
-0.37282
0.0012814
0.066993
-0.035061
0.080256
0.053665
-0.17367
0.0057625
0.019988
-0.021006
0.028888
-0.0063971
0.042577
-0.047056
0.10634
0.078246
-0.045185
-0.046389
-0.027585
-0.017175
-0.057279
-0.012378
-0.013395
0.085129
0.0097446
-0.076774
-0.022285
-0.022957
0.047856
0.15159
0.00016753
0.1003
0.013857
-0.1345
-0.010983
-0.0033893
-0.018883
-0.026636
-0.17822
0.005164
-0.037526
0.0073751
-0.057661
-0.0017813
-0.020891
0.15298
-0.0025326
-0.0032048
0.13008
-0.03381
0.056412
-0.0058568
0.03361
-0.0039991
0.0087697
-0.0023496
-0.004589
-0.064777
-0.0061931
0.0062038
-0.036487
0.0084148
0.0073973
-0.00074152
0.071328
0.0042684
-0.0014928
-0.002165
0.1069
-0.12877
0.02096
0.014554
0.03465
-0.0029594
-0.024154
-0.0027671
-0.0050065
-0.026014
0.10942
0.0057863
-0.18166
0.0079973
0.094759
-0.001159
0.062454
0.012196
-0.0019103
-0.0025825
0.031366
-0.033188
-0.033062
0.049169
0.034232
-0.12942
0.009392
-0.057476
-0.021523
0.20464
-0.082691
-0.15031
0.56842
-0.012364
-0.58087
0.1259
-0.53361
-0.18042
0.32364
0.25825
-0.092203
0.33943
0.18963
-0.030691
-0.34918
0.21722
-0.13579
0.011202
0.012853
0.057497
-0.048746
-0.0043529
0.0064802
0.021966
-0.063014
0.01281
-0.064769
0.0048203
0.039
0.011387
0.025612
0.034397
0.034687
0.025516
-0.069568
-0.039251
-0.0085288
-0.010406
0.09125
-0.069403
0.031806
-0.014722
0.052465
0.0003582
-0.0094303
-0.019746
0.033746
0.010459
-0.0095495
-0.010222
0.0089705
-0.040827
0.012903
0.0013154
-0.0070827
-0.019529
-0.032356
0.011629
0.017619
-0.011618
-0.10565
0.020182
-0.22185
-0.065077
0.021376
0.013237
0.0020446
0.026592
0.012486
0.011814
-0.032289
0.14962
0.034939
0.031604
-0.049002
0.10856
0.023788
-0.011058
-0.013297
-0.034305
-0.058934
-0.0025046
-0.045195
-0.00029354
0.33638
-0.0094499
0.033095
0.0039049
-0.010201
-0.010873
-0.11096
-0.041479
0.012252
-0.01229
-0.014222
-0.011668
0.0011011
0.006193
-0.027817
-0.042943
-0.011008
0.027248
-0.041301
0.0036002
0.092169
-0.050933
0.082542
0.04257
-0.0063074
-0.099511
0.065438
-0.077221
-0.013233
-0.0083958
0.047369
-0.007774
0.019315
0.013188
-0.012926
-0.033912
0.094141
0.078917
-0.041933
-0.011956
0.035925
-0.035628
0.065353
0.0071664
-0.079917
-0.0076118
-0.0074012
-0.038217
-0.084628
-0.0090281
0.047855
-0.0084062
0.029021
-0.00067442
-0.017987
0.057533
-0.0045179
0.020815
-0.15109
0.046569
-0.0015955
0.038224
0.043478
0.014288
0.00018233
-0.00048986
-0.079193
-0.031095
0.022635
-0.017014
0.044546
-0.044707
0.060092
-0.015998
-0.018237
-0.039245
-0.019841
-0.0074445
0.3802
-0.0052334
-0.0062509
-0.01439
0.028155
-0.001035
-0.046673
-0.015813
-0.0015873
-0.10159
-0.075002
0.013612
-0.032311
-0.022147
0.00082274
-0.009114
-0.011353
-0.043391
0.093449
-0.00056065
-0.037736
0.0016504
0.052936
-0.0075059
0.035039
0.018606
0.06032
-0.0089294
-0.0089886
-0.10199
-0.058241
0.017411
0.010704
-0.0053488
0.0030451
-0.087375
-0.11574
0.13037
-0.030262
-0.080293
0.47176
-0.075478
-0.10243
0.010551
-0.012734
-0.037586
0.12762
-0.052364
-0.038138
0.1799
-0.029239
-0.10323
0.0070643
-0.122
-0.040389
-0.023895
0.028666
-0.047142
0.082407
-0.015342
-0.12471
-0.013131
0.062448
0.085942
0.030246
-0.0089324
-0.023072
-0.023711
0.043311
-0.057484
-0.0005857
-0.05665
0.017085
0.056285
-0.011736
