n
3
q_list
20 20 20
site_combn
1
2
3
nonspec_type
2
nonspec_param
-0.0094009 1.0456
e
-1.2292
0.5067
-0.25329
2.9708
1.2175
-0.2957
-0.509
0.026105
0.23615
-0.28386
0.27243
0.37666
0.4934
-3.8955
0.24358
-0.58165
0.11028
0.11904
0.089959
-0.61491
-0.22875
0.65796
0.0023209
-1.3162
0.30971
-0.61209
-1.4172
0.1689
0.85178
3.0919
-0.097929
0.3014
-0.77277
-3.63
0.6185
0.89559
-0.026112
0.1689
0.71313
-0.24036
0.33247
0.37793
0.055652
-0.15156
1.2931
0.2762
-1.2321
0.21131
1.0777
-0.14967
0.94085
0.44517
-0.65425
-3.5396
0.59517
-0.41308
-0.11495
0.31976
0.76213
-0.43318
0.33341
