"ref","1","2","3"
1,0.17,0.614,0.183
20756,0.078,0.375,-7.416
4877,0.124,0.342,-5.69
42157,0.424,0.234,-2.35
52486,-1.098,-1.192,-4.142
53335,0.06,-0.913,-2.015
14138,0.478,0.062,-1.48
36691,-0.336,-1.785,-3.253
42701,0.196,-6.306,-1.353
17636,0.33,0.376,-1.452
10490,-0.382,0.027,-2.452
19521,0.349,0.112,-5.386
58963,0.387,-1.269,-3.317
30749,-0.314,-0.265,-5.152
13514,0.418,-0.016,-1.788
36194,0.113,-2.777,-1.313
55139,0.276,-0.058,-3.03
11741,0.104,-1.645,-3.167
33683,0.523,0.069,-1.106
2829,0.447,0.417,-0.691
57227,0.114,-0.389,-0.797
7485,0.42,-0.45,-1.735
22564,0.215,-0.385,-2.575
57167,0.331,-1.348,-1.317
32053,0.525,-0.55,-0.54
30982,0.563,0.408,-1.014
12009,0.178,-1.814,-1.813
16156,0.067,-1.325,-2.742
11201,0.332,-0.248,-1.072
45166,0.397,0.159,-2.839
7589,0.627,-0.416,-1.982
6546,0.528,0.138,-2.387
12522,0.495,-0.387,-1.43
4328,0.511,0.436,-2.073
54626,0.34,-2.464,-0.706
13390,0.651,-0.277,-2.263
26784,-0.598,0.176,-3.031
27208,0.497,0.117,-0.816
45370,0.365,-0.134,-2.209
30999,0.567,-0.484,-0.842
46561,0.475,0.268,-0.102
2957,0.473,0.51,-1.002
50841,0.571,-0.163,-1.542
20378,0.239,-0.024,-4.848
16871,0.504,0.04,-1.237
28070,0.204,-0.927,-2.848
3557,0.399,0.252,-1.527
46868,0.515,-1.045,-2.039
58591,0.574,-0.155,-1.078
6837,0.288,0.11,-2.664
41710,0.076,0.284,-1.521
19268,0.355,-5.461,-1.62
41323,0.414,0.442,-1.967
52002,0.27,-4.58,-1.551
47133,0.432,-0.727,-1.46
32021,0.539,-1.192,-1.298
59689,0.203,-0.254,-1.599
4482,0.522,0.436,-4.858
54691,0.381,-3.068,-0.116
61029,0.286,-0.73,-1.682
7053,0.561,0.09,-3.169
44964,0.238,0.244,-1.359
48494,0.536,0.413,-2.425
4154,0.315,-0.487,-2.195
35500,0.346,-0.515,-2.096
15292,0.427,-1.023,-1.425
5505,0.607,0.692,-0.559
2761,0.442,0.278,-1.243
7970,0.157,-2.48,-2.991
60821,0.123,0.412,-0.991
24346,0.466,0.327,-0.783
4339,0.419,0.225,-1.995
17689,0.189,-0.455,-1.368
43130,0.555,-0.502,-0.985
20522,0.427,-0.005,-5.557
6881,0.559,-1.086,-0.832
30528,-0.013,0.214,-1.817
13328,0.438,-0.855,-1.421
23377,-0.103,-0.465,-1.882
17558,0.559,0.336,-2.4
4391,0.314,-0.378,-4.582
5623,0.553,-0.54,-1.131
50677,0.451,-0.932,-0.65
23696,0.344,-0.581,-1.675
55292,-0.067,0.174,-1.804
39824,-0.904,-0.359,-5.976
714,0.458,0.563,-3.021
42515,0.436,-0.386,-4.104
60207,0.517,-0.131,-1.122
32525,0.38,-0.026,-4.661
48216,0.345,0.406,-0.678
22831,0.439,-0.243,-1.405
49780,0.522,-0.07,-0.39
13625,0.42,-0.603,-3.73
22561,0.032,-0.949,-1.367
10241,0.441,0.289,-0.743
49092,0.481,-2.421,-0.482
24917,0.439,0.077,-0.816
4877,0.124,0.342,-5.69
1063,0.367,0.383,-3.022
23944,0.362,0.288,-1.877
33165,0.459,0.371,-0.825
8033,0.337,0.364,-1.71
24911,0.331,0.186,-1.715
52823,0.11,-0.172,-2.835
5655,0.24,-0.172,-6.058
46736,0.552,0.658,-2.086
20215,0.523,0.461,-3.232
32151,0.562,0.544,-0.744
39033,0.387,-0.424,-2.086
26272,0.376,-0.338,-0.923
3425,0.383,0.078,-1.293
36595,0.597,0.442,-4.361
50405,0.41,0.214,-0.797
37945,0.484,-0.746,-1.368
13594,0.214,-0.844,-2.452
21020,0.636,0.06,-1.709
18680,0.357,0.503,-2.505
32593,0.536,-1.266,-0.678
60212,0.337,-0.261,-2.052
17349,0.493,0.493,-0.265
54120,0.314,-0.292,-1.657
36770,0.512,0.178,-1.438
10387,0.423,0.22,-0.873
54697,0.426,-1.998,-1.531
21498,0.384,-2.419,-1.027
14805,0.182,-1.478,-3.099
18214,0.453,-0.034,-1.253
46397,0.434,0.555,-1.524
41237,-1.354,0.073,-3.012
11106,-0.021,0.187,-1.466
8747,0.272,-0.766,-1.834
39482,-1.193,-0.833,-6.151
56860,0.465,0.209,-1.15
20497,0.685,0.536,-3.3
10302,0.303,-1.021,-1.908
54966,0.452,-1.355,-1.723
46943,0.558,-0.89,-1.602
23768,0.388,0.31,-2.175
44678,0.486,0.028,-1.682
42668,0.538,-1.03,-2.467
51548,0.491,-0.49,-0.731
40248,0.392,-0.315,-1.027
40242,0.406,0.3,-0.958
59360,0.564,0.036,-2.965
18929,0.492,-0.099,-1.898
43574,0.561,0.16,-1.338
39808,-0.322,0.577,-0.659
22570,0.346,0.253,-3.998
32976,0.456,0.348,-1.111
36319,0.187,-1.959,-1.458
31293,0.466,-3.127,-0.741
14762,0.496,0.502,-1.23
34189,0.321,-0.063,-3.405
10824,0.138,-0.702,-1.623
47291,0.287,0.109,-1.122
48247,0.303,-1.364,-1.579
46669,-0.398,0.037,-3.951
16026,0.488,0.535,-2.217
25931,0.508,0.004,-2.239
36485,0.099,-0.242,-6.054
12631,0.397,0.038,-5.725
1396,0.58,-1.632,-2.348
34613,0.22,0.334,-4.744
33522,0.446,0.367,-1.508
50855,0.49,0.296,-0.893
46442,0.565,0.562,-1.155
23974,0.424,0.354,-0.404
39206,0.365,0.281,-1.962
51433,0.507,0.663,-1.385
59297,0.393,-0.572,-1.709
46713,0.501,-0.665,-0.654
22007,0.373,-0.2,-1.712
42894,0.439,-0.53,-0.794
26792,0.513,0.005,-1.429
25539,0.143,-0.597,-0.793
919,0.528,0.14,-2.192
27607,0.655,-0.493,-1.738
17532,0.397,-0.766,-1.204
24433,-0.019,0.266,-1.011
36640,0.486,-1.271,-1.658
24689,0.391,-0.061,-0.993
30511,0.527,0.474,-1.798
2936,0.415,0.271,-2.641
3157,0.485,-1.684,-0.521
54326,-0.017,0.356,-1.057
51488,0.629,0.331,-0.332
110,0.505,0.058,-1.937
20615,0.487,0.511,0.013
47892,0.65,-0.111,-2.563
42969,0.467,-0.511,-2.369
26009,-0.159,0.507,-1.518
29289,0.298,0.04,-1.422
17349,0.493,0.493,-0.265
59698,0.519,0.165,-1.522
19909,0.645,0.25,-3.2
27850,0.452,-1.541,-1.371
42134,0.165,0.353,-1.56
33949,0.31,0.519,-1.151
39319,0.36,-3.078,-0.392
30489,0.528,0.235,-1.44
52543,0.472,0.397,-1.704
11065,0.257,-0.271,-1.252
59484,-0.52,-0.601,-2.715
26,0.271,0.597,-2.66
303,0.563,-2.65,-1.559
36674,0.506,-2.671,-0.764
58388,0.582,0.094,-1.393
13484,0.3,0.429,-2.322
22184,0.253,-0.726,-2.417
17694,0.246,-0.114,-2.685
25151,0.451,0.388,-0.801
51414,0.375,-1.95,-1.295
48796,0.249,-1.379,-2.132
27493,0.546,-0.007,-3.063
4324,0.464,-0.802,-0.614
18500,0.555,0.216,-0.517
38470,0.371,-0.509,-2.388
49077,0.405,-1.792,-0.799
33449,0.323,-0.091,-1.818
48123,0.49,0.095,-0.276
10519,0.225,0.06,-0.707
149,-0.104,0.589,-4.1
49157,0.312,0.03,-1.255
56782,0.174,0.125,-1.878
6021,0.507,-1.565,-1.269
3749,0.402,0.419,-2.632
45233,0.574,-0.157,-3.619
39311,0.335,0.131,-2.546
39893,0.217,-1.651,-1.783
16230,0.508,0.071,-2.313
20145,0.412,-0.421,-1.685
52857,0.241,-0.41,-5.476
40009,0.398,-0.925,-2.231
10786,0.3,-0.424,-2.74
52632,-0.02,-0.496,-2.443
25277,0.469,0.544,-0.469
53143,0.297,-0.243,-1.703
24626,0.218,-0.066,-1.058
7921,0.185,-2.806,-1.919
16964,0.552,0.39,-1.167
2001,0.544,0.252,-1.875
17880,0.284,-0.144,-1.205
49688,-0.365,-1.45,-3.291
47343,0.53,0.282,-0.327
42005,0.364,-1.77,-0.793
25403,-0.367,-0.445,-2.491
15240,0.425,-1.611,-1.737
56849,-0.015,-0.077,-2.523
21716,0.286,0.157,-1.241
47135,0.446,-0.719,-0.836
59423,0.558,0.025,-2.267
49463,0.32,0.337,-0.953
2455,0.318,0.089,-0.307
11876,0.572,-0.357,-1.453
39868,0.446,0.074,-0.525
37770,0.542,-0.599,-0.227
56323,0.29,0.272,-1.671
17215,0.438,-0.189,-1.065
11663,0.449,-0.517,-0.916
23092,-0.269,-2.301,-4.375
28845,0.072,-2.291,-1.993
19131,0.383,-0.462,-1.421
49754,0.342,-0.659,-2.068
52438,0.073,-0.363,-2.418
6537,0.333,-1.956,-1.681
58919,0.554,-0.218,-1.113
19996,0.35,-1.388,-1.841
1183,0.53,0.535,-0.919
16159,0.582,0.014,-2.103
49725,0.266,-0.333,-0.438
5155,0.585,0.241,-0.13
59998,0.283,0.291,-1.252
55373,0.437,-0.027,-1.804
58983,-0.06,-0.028,-1.16
5549,0.656,-0.073,-0.822
57836,0.25,-2.64,-2.403
24257,0.491,-0.28,-1.479
50280,0.557,-1.023,-0.93
8654,-0.229,-0.536,-5.821
35691,0.511,-4.047,-0.527
5811,0.519,-0.592,-1.233
22305,-0.144,-2.376,-2.954
26642,0.305,-0.23,-1.47
26251,0.451,0.503,-0.907
18694,0.339,-3.764,-0.404
26827,0.543,0.274,-1.092
6105,0.498,-0.139,-0.291
39365,0.413,-1.173,-1.951
39299,0.364,-0.81,-2.23
3523,0.459,0.125,-0.44
49091,0.481,0.315,-0.647
60652,0.383,-0.95,-0.541
24479,0.253,0.06,-1.565
15996,0.493,-0.546,-0.57
5041,0.489,-1.526,-1.064
45438,0.477,0.17,-1.902
40229,0.414,-0.815,-0.894
12003,0.274,-0.471,-1.296
19550,0.6,0.323,-1.702
41934,0.455,0.21,-1.708
53317,0.493,-0.645,-1.64
59397,0.536,0.098,-1.611
31681,0.593,-0.806,-0.535
52741,-0.024,-0.407,-3.107
3333,0.432,0.016,-0.094
34672,0.355,0.298,-3.848
42263,0.475,-0.568,-1.04
28322,0.289,-0.522,-1.311
57966,0.595,0.097,-1.335
58134,0.556,-0.737,-1.9
1856,0.418,-1.37,-1.313
58714,0.513,-0.595,-1.024
45215,0.324,0.327,-2.218
54365,0.21,-0.289,-1.299
5725,0.481,-1.269,-1.871
40932,0.273,0.044,-1.255
32286,0.52,-0.823,-0.97
50427,0.547,0.736,0.227
24462,-0.254,-0.174,-2.883
1164,0.61,-0.954,-0.894
40283,0.267,-3.52,-0.544
9482,0.432,-0.332,-0.893
21879,0.233,-0.497,-1.255
25640,0.488,-0.594,-1.152
25364,0.414,-0.007,-1.087
33152,0.568,-0.015,-2.451
51246,0.437,0.027,-0.855
24326,0.067,-0.019,-1.444
39641,0.468,-0.076,-2.066
32973,0.454,0.102,-4.034
44183,0.063,-1.578,-2.454
60047,0.304,-0.776,-1.233
49410,0.274,-2.68,-0.469
47641,0.493,0.063,-0.471
32749,0.145,0.418,-1.424
41280,0.145,-3.765,-1.278
46035,0.535,0.44,-2.6
24853,0.349,-0.567,-1.956
27944,0.41,-0.056,-2.338
8539,0.324,-0.141,-1.007
45132,0.429,-0.2,-4.012
51435,0.245,0.565,-2.564
34352,0.454,-0.137,-1.178
33952,0.376,0.268,-1.274
51364,0.392,0.028,-1.805
84,0.551,-0.159,-0.432
31139,0.18,-0.41,-1.876
34128,0.39,-1.966,-0.64
29032,0.466,0.387,-2.194
19853,0.405,-0.314,-0.637
35522,0.662,0.592,-1.819
32657,0.467,-3.928,-0.322
12275,0.53,-1.726,-1.965
2207,0.587,0.269,-4.521
50318,0.403,-0.513,-0.693
58829,0.468,0.153,-1.099
16636,0.568,0.479,-3.611
60546,0.447,0.063,-1.374
55256,0.35,-0.082,-1.315
12824,0.508,0.449,-1.998
48208,0.265,0.54,-1.039
48447,0.374,-1.331,-0.999
15953,0.035,0.705,-1.162
21511,0.312,0.125,-1.975
39100,0.363,0.065,-2.29
29832,0.468,0.349,-1.536
13015,0.354,-1.799,-1.221
29586,-0.165,0.127,-1.962
50719,0.594,-0.082,-1.309
51430,0.541,-0.092,-3.786
33622,0.306,0.56,-0.824
25577,-0.539,-0.83,-2.076
44338,0.425,-0.385,-2.588
38870,0.227,-0.761,-2.208
34312,0.139,-4.226,-1.097
35312,0.616,-0.25,-3.919
39932,-0.033,0.24,-3.783
32109,0.442,-0.201,-1.646
40712,0.523,-0.24,-1.066
24547,0.313,0.181,-0.81
5958,0.397,-1.208,-1.476
53033,0.567,-1.241,-1.059
53526,0.613,0.012,-0.559
1743,0.595,-0.368,-0.739
14940,0.454,-0.512,-0.828
53665,0.508,-0.669,-2.226
16250,0.536,-0.011,-1.689
56661,0.14,-0.739,-1.686
24471,0.188,-0.618,-1.336
20751,0.462,0.737,-1.444
6502,0.533,-0.253,-1.471
13178,0.536,0.076,-2.379
47795,0.541,0.537,-0.666
43540,0.481,-0.533,-1.716
48922,0.47,0.078,-1.258
26198,0.214,0.01,-1.013
6904,0.385,-0.42,-1.529
58282,0.565,0.009,-1.579
2475,0.451,-0.283,-0.734
29770,-0.004,-0.951,-2.851
12458,0.319,-2.077,-1.72
9330,0.32,-0.227,-1.383
53727,0.36,-1.875,-1.451
16663,0.453,-2.474,-0.474
26135,0.297,0.463,-1.69
10281,0.344,-0.994,-1.616
41519,0.166,-0.851,-2.125
7707,-0.331,-0.081,-3.732
46123,0.272,0.028,-3.664
56402,0.49,0.275,-0.123
7368,0.516,0.48,-2.262
20533,0.635,-0.256,-3.685
20526,0.596,0.475,-2.239
23585,0.227,-0.47,-1.117
33758,0.44,-0.475,-3.373
27437,0.432,0.221,-0.866
10376,0.355,0.463,-0.774
38911,0.29,-0.502,-1.609
59679,0.202,0.064,-2.702
67,0.521,0.215,-0.422
15020,0.387,-1.282,-1.75
7809,0.433,-2.905,-1.098
9188,0.314,-0.241,-1.22
46088,-0.255,0.657,-3.229
25972,-0.355,-1.849,-2.584
60787,0.342,-1.353,-1.603
9158,0.43,-0.049,-0.995
32222,0.404,-1.739,-2.043
22985,0.502,0.262,-2.139
12959,0.472,0.49,-1.835
32361,0.448,-0.214,-1.951
9069,0.369,-0.325,-1.666
48195,0.485,0.337,-1.838
28561,0.304,-1.429,-3.269
60731,0.15,-2.525,-3.121
43025,0.541,0.304,-0.736
36157,0.408,-0.604,-1.55
45770,0.056,-0.816,-1.775
2677,0.442,-0.742,-3.643
55692,0.21,-0.553,-2.243
6153,0.225,0.274,-1.735
5230,0.254,-1.592,-1.528
16844,0.381,0.382,-2.922
40390,0.457,0.125,-1.532
41444,0.36,0.258,-1.324
17425,0.498,0.607,-1.117
58501,0.548,0.376,-2.072
59062,0.415,0.121,-1.253
6014,0.465,-2.51,-1.358
7894,0.184,-2.193,-2.004
42045,0.233,0.175,-1.735
11802,0.508,0.327,-1.516
29736,-0.892,0.354,-2.928
38266,0.33,-1.625,-1.634
12993,0.444,-0.954,-1.005
4688,0.611,-0.526,-0.699
42499,0.418,0.329,-4.935
14155,0.375,-0.806,-2.317
7366,0.481,-1.895,-0.987
59602,0.339,0.338,-0.726
43921,0.467,-1.768,-1.86
8971,-0.697,-0.789,-3.617
49053,0.271,0.228,-1.322
35965,0.579,0.072,0.121
7679,0.188,-0.203,-2.855
23516,0.287,0.314,-0.93
11073,0.376,0.308,-2.227
53042,0.439,0.048,-2.814
7750,0.345,0.412,-2.167
26954,0.38,-1.209,-1.913
48729,0.25,0.11,-1.817
43548,0.56,0.563,-0.805
13245,0.527,0.057,-0.951
30049,0.257,-2.207,-1.103
23961,0.482,0.394,-0.706
45711,0.334,0.181,-1.233
1288,0.515,0.441,-0.257
43118,-0.036,-1.902,-3.62
41053,0.352,-0.045,-1.155
44504,-0.052,0.524,-1.336
31072,0.025,-0.555,-1.662
27609,0.416,0.118,-1.392
18397,0.311,0.354,-2.277
29818,0.402,-0.326,-2.078
41338,0.497,-0.58,-2.308
4031,0.252,0.323,-6.858
31297,0.17,0.576,-3.998
34338,0.583,-0.01,-1.971
15708,0.552,0.022,-1.449
22764,0.388,0.1,-2.627
44796,0.457,-0.383,-0.953
48728,0.481,-0.729,-1.778
28370,0.36,-0.147,-1.142
16535,0.508,0.169,-1.608
17115,0.576,-0.518,-1.455
35296,0.457,-2.784,-1.341
6250,0.125,-1.138,-3.785
23328,0.274,-0.146,-0.967
15600,0.494,-0.568,-1.826
31867,-0.39,0.253,-5.93
