n
16
q_list
2 2 2 2 2 2 2 2 2 2 2 2 2 2 2 2
site_combn
1
2
3
4
5
6
7
8
9
10
11
12
13
14
15
16
1 2
1 3
1 4
1 5
1 6
1 7
1 8
1 9
1 10
1 11
1 12
1 13
1 14
1 15
1 16
2 3
2 4
2 5
2 6
2 7
2 8
2 9
2 10
2 11
2 12
2 13
2 14
2 15
2 16
3 4
3 5
3 6
3 7
3 8
3 9
3 10
3 11
3 12
3 13
3 14
3 15
3 16
4 5
4 6
4 7
4 8
4 9
4 10
4 11
4 12
4 13
4 14
4 15
4 16
5 6
5 7
5 8
5 9
5 10
5 11
5 12
5 13
5 14
5 15
5 16
6 7
6 8
6 9
6 10
6 11
6 12
6 13
6 14
6 15
6 16
7 8
7 9
7 10
7 11
7 12
7 13
7 14
7 15
7 16
8 9
8 10
8 11
8 12
8 13
8 14
8 15
8 16
9 10
9 11
9 12
9 13
9 14
9 15
9 16
10 11
10 12
10 13
10 14
10 15
10 16
11 12
11 13
11 14
11 15
11 16
12 13
12 14
12 15
12 16
13 14
13 15
13 16
14 15
14 16
15 16
1 2 3
1 2 4
1 2 5
1 2 6
1 2 7
1 2 8
1 2 9
1 2 10
1 2 11
1 2 12
1 2 13
1 2 14
1 2 15
1 2 16
1 3 4
1 3 5
1 3 6
1 3 7
1 3 8
1 3 9
1 3 10
1 3 11
1 3 12
1 3 13
1 3 14
1 3 15
1 3 16
1 4 5
1 4 6
1 4 7
1 4 8
1 4 9
1 4 10
1 4 11
1 4 12
1 4 13
1 4 14
1 4 15
1 4 16
1 5 6
1 5 7
1 5 8
1 5 9
1 5 10
1 5 11
1 5 12
1 5 13
1 5 14
1 5 15
1 5 16
1 6 7
1 6 8
1 6 9
1 6 10
1 6 11
1 6 12
1 6 13
1 6 14
1 6 15
1 6 16
1 7 8
1 7 9
1 7 10
1 7 11
1 7 12
1 7 13
1 7 14
1 7 15
1 7 16
1 8 9
1 8 10
1 8 11
1 8 12
1 8 13
1 8 14
1 8 15
1 8 16
1 9 10
1 9 11
1 9 12
1 9 13
1 9 14
1 9 15
1 9 16
1 10 11
1 10 12
1 10 13
1 10 14
1 10 15
1 10 16
1 11 12
1 11 13
1 11 14
1 11 15
1 11 16
1 12 13
1 12 14
1 12 15
1 12 16
1 13 14
1 13 15
1 13 16
1 14 15
1 14 16
1 15 16
2 3 4
2 3 5
2 3 6
2 3 7
2 3 8
2 3 9
2 3 10
2 3 11
2 3 12
2 3 13
2 3 14
2 3 15
2 3 16
2 4 5
2 4 6
2 4 7
2 4 8
2 4 9
2 4 10
2 4 11
2 4 12
2 4 13
2 4 14
2 4 15
2 4 16
2 5 6
2 5 7
2 5 8
2 5 9
2 5 10
2 5 11
2 5 12
2 5 13
2 5 14
2 5 15
2 5 16
2 6 7
2 6 8
2 6 9
2 6 10
2 6 11
2 6 12
2 6 13
2 6 14
2 6 15
2 6 16
2 7 8
2 7 9
2 7 10
2 7 11
2 7 12
2 7 13
2 7 14
2 7 15
2 7 16
2 8 9
2 8 10
2 8 11
2 8 12
2 8 13
2 8 14
2 8 15
2 8 16
2 9 10
2 9 11
2 9 12
2 9 13
2 9 14
2 9 15
2 9 16
2 10 11
2 10 12
2 10 13
2 10 14
2 10 15
2 10 16
2 11 12
2 11 13
2 11 14
2 11 15
2 11 16
2 12 13
2 12 14
2 12 15
2 12 16
2 13 14
2 13 15
2 13 16
2 14 15
2 14 16
2 15 16
3 4 5
3 4 6
3 4 7
3 4 8
3 4 9
3 4 10
3 4 11
3 4 12
3 4 13
3 4 14
3 4 15
3 4 16
3 5 6
3 5 7
3 5 8
3 5 9
3 5 10
3 5 11
3 5 12
3 5 13
3 5 14
3 5 15
3 5 16
3 6 7
3 6 8
3 6 9
3 6 10
3 6 11
3 6 12
3 6 13
3 6 14
3 6 15
3 6 16
3 7 8
3 7 9
3 7 10
3 7 11
3 7 12
3 7 13
3 7 14
3 7 15
3 7 16
3 8 9
3 8 10
3 8 11
3 8 12
3 8 13
3 8 14
3 8 15
3 8 16
3 9 10
3 9 11
3 9 12
3 9 13
3 9 14
3 9 15
3 9 16
3 10 11
3 10 12
3 10 13
3 10 14
3 10 15
3 10 16
3 11 12
3 11 13
3 11 14
3 11 15
3 11 16
3 12 13
3 12 14
3 12 15
3 12 16
3 13 14
3 13 15
3 13 16
3 14 15
3 14 16
3 15 16
4 5 6
4 5 7
4 5 8
4 5 9
4 5 10
4 5 11
4 5 12
4 5 13
4 5 14
4 5 15
4 5 16
4 6 7
4 6 8
4 6 9
4 6 10
4 6 11
4 6 12
4 6 13
4 6 14
4 6 15
4 6 16
4 7 8
4 7 9
4 7 10
4 7 11
4 7 12
4 7 13
4 7 14
4 7 15
4 7 16
4 8 9
4 8 10
4 8 11
4 8 12
4 8 13
4 8 14
4 8 15
4 8 16
4 9 10
4 9 11
4 9 12
4 9 13
4 9 14
4 9 15
4 9 16
4 10 11
4 10 12
4 10 13
4 10 14
4 10 15
4 10 16
4 11 12
4 11 13
4 11 14
4 11 15
4 11 16
4 12 13
4 12 14
4 12 15
4 12 16
4 13 14
4 13 15
4 13 16
4 14 15
4 14 16
4 15 16
5 6 7
5 6 8
5 6 9
5 6 10
5 6 11
5 6 12
5 6 13
5 6 14
5 6 15
5 6 16
5 7 8
5 7 9
5 7 10
5 7 11
5 7 12
5 7 13
5 7 14
5 7 15
5 7 16
5 8 9
5 8 10
5 8 11
5 8 12
5 8 13
5 8 14
5 8 15
5 8 16
5 9 10
5 9 11
5 9 12
5 9 13
5 9 14
5 9 15
5 9 16
5 10 11
5 10 12
5 10 13
5 10 14
5 10 15
5 10 16
5 11 12
5 11 13
5 11 14
5 11 15
5 11 16
5 12 13
5 12 14
5 12 15
5 12 16
5 13 14
5 13 15
5 13 16
5 14 15
5 14 16
5 15 16
6 7 8
6 7 9
6 7 10
6 7 11
6 7 12
6 7 13
6 7 14
6 7 15
6 7 16
6 8 9
6 8 10
6 8 11
6 8 12
6 8 13
6 8 14
6 8 15
6 8 16
6 9 10
6 9 11
6 9 12
6 9 13
6 9 14
6 9 15
6 9 16
6 10 11
6 10 12
6 10 13
6 10 14
6 10 15
6 10 16
6 11 12
6 11 13
6 11 14
6 11 15
6 11 16
6 12 13
6 12 14
6 12 15
6 12 16
6 13 14
6 13 15
6 13 16
6 14 15
6 14 16
6 15 16
7 8 9
7 8 10
7 8 11
7 8 12
7 8 13
7 8 14
7 8 15
7 8 16
7 9 10
7 9 11
7 9 12
7 9 13
7 9 14
7 9 15
7 9 16
7 10 11
7 10 12
7 10 13
7 10 14
7 10 15
7 10 16
7 11 12
7 11 13
7 11 14
7 11 15
7 11 16
7 12 13
7 12 14
7 12 15
7 12 16
7 13 14
7 13 15
7 13 16
7 14 15
7 14 16
7 15 16
8 9 10
8 9 11
8 9 12
8 9 13
8 9 14
8 9 15
8 9 16
8 10 11
8 10 12
8 10 13
8 10 14
8 10 15
8 10 16
8 11 12
8 11 13
8 11 14
8 11 15
8 11 16
8 12 13
8 12 14
8 12 15
8 12 16
8 13 14
8 13 15
8 13 16
8 14 15
8 14 16
8 15 16
9 10 11
9 10 12
9 10 13
9 10 14
9 10 15
9 10 16
9 11 12
9 11 13
9 11 14
9 11 15
9 11 16
9 12 13
9 12 14
9 12 15
9 12 16
9 13 14
9 13 15
9 13 16
9 14 15
9 14 16
9 15 16
10 11 12
10 11 13
10 11 14
10 11 15
10 11 16
10 12 13
10 12 14
10 12 15
10 12 16
10 13 14
10 13 15
10 13 16
10 14 15
10 14 16
10 15 16
11 12 13
11 12 14
11 12 15
11 12 16
11 13 14
11 13 15
11 13 16
11 14 15
11 14 16
11 15 16
12 13 14
12 13 15
12 13 16
12 14 15
12 14 16
12 15 16
13 14 15
13 14 16
13 15 16
14 15 16
nonspec_type
2
nonspec_param
8.1059 2.0105
e
0.69619
-0.0068117
0.065076
0.59425
-0.0045037
0.29745
0.017326
0.20136
0.32281
0.024798
0.2208
0.45662
0.016046
0.03608
0.0091904
-0.047626
0.13964
0.02695
0.0018235
0.0083799
0.0055045
0.0013542
0
0
0.00015758
0.00016626
0.0033234
-0.0012417
-0.00051425
0.00032448
0.00019803
-0.0021841
-0.014298
-0.0038001
-0.016179
0.0010464
0.0017783
0.0015518
0.0011335
-0.0090955
-0.0095472
0.0044518
0.00010005
0.00016043
0.0031301
0.0033084
-0.075253
-0.087231
-0.0059683
-0.008674
-0.02127
-0.0018671
-0.029964
-0.071263
0.01962
-0.00096267
0.0027738
0.015894
0.0094799
0.40739
0.0011938
-0.011232
-0.025092
-0.0040173
-0.037332
-0.012003
-0.004391
-0.0015266
-0.0010433
-0.0029866
-0.0032666
-0.0027487
0.0027027
-0.019108
-0.0045049
0.02124
-0.0080213
0.0055579
-2.984e-05
0.0019344
0.0066615
0.007984
-0.00072131
0.00031098
0.00033457
0.012724
0.0021848
-0.0006463
0.00015831
0.00037698
-7.9866e-05
-0.0012398
0.013838
0.0018221
0.0025759
-0.04
-0.013541
-0.0026158
0.0011087
-0.014522
0.0095027
-0.0099905
0.046247
0.064038
0.0067271
-0.0065487
0.0014138
0.0049055
0.015612
0.023922
0.017957
-0.01036
-0.00097442
-0.0021907
-0.0028237
0.0056302
0.046929
0.01039
-0.0022838
0.0014444
0.0065558
0.013063
-0.01054
-0.0042177
0.0050573
0.0088771
0.024907
0.001683
0.0002897
-0.016029
0.007156
-0.0022949
0.015735
-0.0025461
-0.0028505
-0.010057
0.077565
-0.0046252
-0.0028483
-0.003138
-0.00049172
-0.00017338
-0.0010688
-8.1092e-05
0.000242
0.0024292
-0.00080634
0.00043865
-0.00029228
0
-0.00069995
-0.0011923
-0.006351
0.0003859
0.00086104
-0.0020688
0.0003366
0.00030164
-0.00021072
-0.0002122
-2.9195e-05
0.00019831
-0.00096357
0.00071416
-0.0028183
-0.0012688
0.0003413
3.7944e-05
-0.00024144
0.00011017
0.00058207
0.00040868
0.0008799
0.00067947
-0.00015451
-0.00048231
0.00020665
-0.00026915
-0.00059973
0.00023506
-0.0012947
-0.0010891
0.00047889
-0.00060987
4.896e-05
5.1449e-05
0.00045324
-0.0012033
-0.00037626
-0.00027904
0.0010095
-0.00059623
-0.00026764
-0.00018686
0
-0.00022262
-0.00015868
0.0012087
0.00021925
0.00033385
0.00053618
-0.00034317
-0.00017417
0.00032701
-0.00033191
-0.00028002
0.00023716
-0.00010023
0.00058766
0.00064541
7.6359e-05
0
0.00012091
0.00021865
-0.00037998
-0.00013249
0
-0.00013233
-2.5064e-05
-0.00042445
0.00038516
0.00019683
0.0002812
0.00012643
-0.00010304
0.00017016
-1.9924e-05
0.00038951
-0.00053243
8.1818e-05
0.00027344
0.00024375
-0.00038557
-0.00058896
2.2819e-05
0.00034618
0.00014109
-0.00023513
-6.1271e-05
-0.00046415
0
0
-0.0006163
0.0094144
-0.0031832
-0.0060101
-0.00030746
-0.00056169
0.0024836
-0.0060707
-0.0011648
-0.00019424
-0.00016116
-0.0002869
-0.0012355
0.00086644
-0.00080965
-0.00041089
-0.00028169
0.00033135
0.00042902
0.0017258
5.8629e-05
0
0.00026724
0.00013155
-0.00016422
-0.00059026
-0.0031867
0.0014324
-0.0012117
0.0017349
0.00049534
-3.1291e-06
0.00036676
0.000496
0.00037044
-0.00086834
0
0.00025021
0.0001684
-0.0010401
-0.0010801
-0.00027202
0.00032426
1.068e-05
0
-0.00082565
-0.0016073
-0.0004731
-0.0020324
-0.0062468
0.0018244
0
6.4168e-05
0.0024485
-0.00014245
0.0003487
-0.0026154
-0.0042108
-0.00069619
-0.00049046
0
0
-0.0019467
-0.0026603
-0.002211
-0.00051867
-0.00028323
-6.0515e-05
0.00055708
-7.5017e-05
-0.0041282
-0.0003979
-0.0010805
-0.0002285
-7.7719e-05
-0.00060904
-0.00034546
-0.0012072
-0.00048148
-0.00019157
-0.0026484
0
-0.00017137
0.00104
-0.00044817
9.25e-08
-0.00034074
-0.00013231
0
-0.00030826
-0.00089142
-0.015322
-0.0030582
0.0082982
-0.007643
-0.0017085
0.003734
0.0053833
0.0010781
0.00077375
-2.9514e-05
-0.0028001
0.0010371
8.4739e-05
0.00266
0.015545
-0.0019381
0.032109
0.019502
0.0023818
0.0020795
-0.00069155
-0.0019739
0.0041619
0.00065896
-0.0004923
0.00099518
-0.0056032
-0.003469
0.00070816
0
0.00038011
0.0015863
0.00063198
0.0085622
0.0016859
-0.0086162
-0.017727
0.017054
-0.0011923
0.00043962
0.01266
0.0070422
-2.0523e-05
0.019825
-0.0083118
0.0029631
-0.0012544
-0.00039602
0.00094228
-0.0012538
-0.021513
-0.0027014
0.0015267
-0.00070737
0.00016723
0.0033894
0.0018822
-0.041208
-0.0091692
0.0012894
-0.0013109
-0.0068695
-0.0064319
0.01288
-0.0026373
-0.00062224
0.0037157
4.9963e-05
-0.00016454
-0.00075199
0.0078114
0.0049071
0.00046637
0.00077796
-0.0023672
4.525e-05
0
0.00088829
0.005309
0.012579
0.0095428
0.00595
-0.010939
0.0017292
-0.0069059
-0.0018063
-0.0020245
0.0011704
-0.015445
0.00078233
-0.0010113
0
0.0016031
0.0018949
0.00026089
0.00035825
6.0805e-05
-0.00052038
0.00065828
0.00099929
0.00015777
0.00082434
0.0093271
-0.00095119
-0.00020418
-0.00050198
-0.00068501
-0.0026754
-0.0047234
0.008088
0.0062581
-1.0881e-05
-0.00023314
0.00066478
-0.00080821
-0.0010112
0.0021258
0.0028253
-5.0019e-05
-0.00023088
0.00055925
0.00059659
0.00039767
0.0081552
0.0023982
-0.0011783
-0.00021982
0.00043097
0.0040623
-0.0011424
0.0014608
0.00093762
0.00075445
0.003968
0
0.00071665
-0.00079303
0.0011553
0.0010745
0.00019257
-0.00011152
-3.8366e-05
0.0005026
0.00187
-0.00077152
-0.00062989
-0.00024425
-0.00011837
-0.0013256
0.00062816
-0.0001758
0.00012084
0.00034959
0.00012589
0.0097447
0.0015396
-0.012992
0.0094843
0.0069625
-0.0010643
-0.00012355
0.0083815
0.001101
0.00021311
-0.0052154
0.016384
0.0027702
0.0014153
0
-0.00060815
-0.00094811
-0.012563
0.0019463
0.00030951
-0.00055077
0.00032707
0.0013171
0.00014921
-0.0063207
-0.0027397
0.00095324
-0.0013276
-0.0030947
-0.0049714
0.0089455
-0.00052458
-0.000771
0.0031801
-0.0010298
-0.00040201
-0.00028393
0.0031217
0.0024343
0.001192
-0.00045246
-0.0004644
0.00073232
0
-0.0043604
-0.0001619
0.00018057
0.0012555
0.00045353
0.00014926
-6.0691e-05
0.00060925
-0.00030206
0.00042854
0.00050343
0.0011473
0.0018225
0.00065875
0.00062385
-0.00015565
0.00028496
0.00046237
0
-0.00040726
0.00097311
-3.0396e-05
0.00049217
-0.00015032
-5.5993e-05
-0.00094005
-0.00014538
0
-0.00020351
0.00029283
0
0.00010531
0.00075846
0.00045709
0.00053957
-0.00030723
-0.00019208
0
-0.00081793
0.00041664
-0.00039296
4.5672e-05
0.00045847
-8.3258e-05
-0.00055014
0
-0.013881
-0.022078
-0.06711
0.0038181
0.00090646
0.00017989
0.0070808
-0.0044089
0.0068367
-0.012104
0.0024711
-0.0008608
0.00065905
-0.0012921
-0.0013056
-0.022279
0.011901
-0.0016472
0.0013421
0.0075567
-0.0017589
0.0043417
-0.0020925
-0.0010089
0.0094118
-0.0024869
0.0026392
-0.0015099
-0.0056012
0.0013755
0.0012961
-0.0013512
0.00076881
-0.00086422
0.0009387
-0.0041858
0.01596
-0.01324
-0.0045456
0.0022356
0.0014874
-0.0022407
0.0030055
0.051267
-0.012085
0.0040819
-0.00033727
-0.0012459
-0.011322
0.009712
-0.000301
-0.00063008
-0.0025613
-0.0062819
-0.00076067
-0.0010181
0.0018071
0
-0.0015233
-0.00035306
-0.0031222
0.0010105
0.0017973
-0.0026107
-0.023199
0.0071533
0.0013249
0.00024697
0.0035005
-0.0014116
-0.0028388
2.1608e-05
0
0.003009
-0.0039909
0.00216
-0.0012634
-0.00031483
-0.0025316
-6.0378e-05
0.00063635
-0.00043628
-0.00063887
-4.1075e-05
0.0017733
0.020144
0.001701
0.00028033
-0.0017082
-0.0050817
0.00020039
-0.0023099
0.0069297
-0.0015035
-0.0020233
-0.0014101
-0.0036711
0.0012867
-0.0013788
-0.00045086
0.001835
0.0021707
0.00080249
0.0014076
-0.0015037
-0.00011808
-0.0035635
0.00082988
0.0019288
-0.0064619
-0.00058251
0.00047275
-0.00011892
0.0016206
0.00049445
-0.0030639
0.0044234
-0.0016195
0.016042
-0.0024133
