n
16
q_list
2 2 2 2 2 2 2 2 2 2 2 2 2 2 2 2
site_combn
1
2
3
4
5
6
7
8
9
10
11
12
13
14
15
16
1 2
1 3
1 4
1 5
1 6
1 7
1 8
1 9
1 10
1 11
1 12
1 13
1 14
1 15
1 16
2 3
2 4
2 5
2 6
2 7
2 8
2 9
2 10
2 11
2 12
2 13
2 14
2 15
2 16
3 4
3 5
3 6
3 7
3 8
3 9
3 10
3 11
3 12
3 13
3 14
3 15
3 16
4 5
4 6
4 7
4 8
4 9
4 10
4 11
4 12
4 13
4 14
4 15
4 16
5 6
5 7
5 8
5 9
5 10
5 11
5 12
5 13
5 14
5 15
5 16
6 7
6 8
6 9
6 10
6 11
6 12
6 13
6 14
6 15
6 16
7 8
7 9
7 10
7 11
7 12
7 13
7 14
7 15
7 16
8 9
8 10
8 11
8 12
8 13
8 14
8 15
8 16
9 10
9 11
9 12
9 13
9 14
9 15
9 16
10 11
10 12
10 13
10 14
10 15
10 16
11 12
11 13
11 14
11 15
11 16
12 13
12 14
12 15
12 16
13 14
13 15
13 16
14 15
14 16
15 16
nonspec_type
2
nonspec_param
8.0749 2.0697
e
0.66844
-0.0075001
0.060173
0.56764
0.0003899
0.29693
0.016275
0.17982
0.31848
0.017973
0.21056
0.44602
0.016698
0.033966
0.0067102
-0.046222
0.12521
0.024383
0
0.0060429
0.0028895
0.00086192
0
0
0
0
0.0026946
-0.00053361
-0.00013885
0
0
-0.0015502
-0.013448
-0.00091394
-0.01291
0
-9.7451e-05
0
0.00023032
-0.0090856
-0.011389
0.0031259
0
0
0.0023294
0.0011621
-0.067886
-0.073714
-0.0063935
-0.013539
-0.014734
-0.006761
-0.030425
-0.079669
0.017782
-0.00069582
0.00089717
0.014113
0.0036
0.38516
0.0010303
-0.0036297
-0.017582
-0.0032511
-0.028662
-0.00041486
-0.0037803
-0.00077919
-0.00065577
-0.0031198
-0.0021127
-0.0023189
0.0048965
-0.0098774
-0.0048437
0.026892
0.00024897
0.0058774
0.00063344
0.00077482
0.0049291
0.0051318
0
0.00042872
1.3396e-05
0.010855
0.0015512
-1.7636e-05
5.5966e-05
0
0
-0.00052666
0.0031113
-0.0019375
-0.0057637
-0.064118
-0.0062867
-0.0022154
0.00061005
-0.0076415
0.0079989
-0.010518
0.054119
0.075491
0.0045973
-0.0054986
2.0736e-05
0.0022573
0.008958
0.016315
0
-0.0071287
-0.00023552
-0.0010598
-0.00036002
0.0057463
0.050939
0.0068444
-0.0011063
0
0.0027536
0.0050576
-0.0036197
-0.0037658
0.0036384
0.00696
0.01773
0.0010383
0
-0.011748
0.0074499
-0.0023611
0.015071
-0.0041711
-0.0015973
-0.0090038
0.072608
