"ref","1","2"
954,0.734,0.744
7076,0.539,0.732
1826,0.542,0.673
2401,0.899,0.866
4450,0.313,0.711
186,0.864,0.746
5802,0.586,0.74
7544,0.589,0.757
4081,0.586,0.766
5634,0.762,0.801
504,0.625,0.711
6687,0.541,0.769
803,0.405,0.671
2300,0.473,0.609
1367,0.875,0.786
6263,0.554,0.783
551,0.87,0.814
7244,-1.197,0.733
7339,0.426,0.673
3309,0.841,0.733
745,0.703,0.809
7307,0.835,0.785
1430,-0.474,0.436
6247,0.881,0.856
3136,0.604,0.688
3869,0.797,0.847
3541,0.663,0.792
2775,0.626,0.816
4522,0.899,0.848
3570,0.83,0.838
7065,-0.17,0.764
3505,0.605,0.718
2722,0.939,0.872
3217,0.331,0.7
1068,0.558,0.742
5596,0.448,0.741
734,0.785,0.824
3824,0.101,0.509
5213,0.457,0.73
3209,0.486,0.736
6346,0.543,0.807
6695,0.433,0.737
1330,0.732,0.772
2379,0.508,0.686
2984,0.891,0.864
4019,0.493,0.676
2044,0.533,0.723
7587,0.212,0.66
1159,0.59,0.777
121,0.649,0.759
5510,0.339,0.55
5971,0.668,0.819
7831,0.874,0.88
1369,0.865,0.783
67,0.425,0.746
2345,0.53,0.325
696,0.346,0.739
4362,0.507,0.715
5416,0.554,0.827
423,0.659,0.706
3629,0.836,0.79
6316,0.233,0.609
7697,-0.465,0.761
813,0.651,0.737
3793,0.296,0.789
5243,0.671,0.768
5350,-0.662,0.357
4366,0.843,0.781
851,0.771,0.742
4198,0.52,0.749
254,0.571,0.756
2146,0.682,0.735
5064,-0.141,0.273
1371,0.831,0.698
1180,0.36,0.75
700,0.597,0.796
1380,0.487,0.692
4460,0.508,0.676
7509,0.418,0.717
4494,0.679,0.68
6308,0.615,0.731
569,0.46,0.831
3329,0.391,0.296
4506,0.927,0.896
2214,0.644,0.749
1463,0.672,0.783
6965,0.913,0.852
7773,0.901,0.876
5984,0.732,0.832
3411,-0.563,0.711
3508,0.822,0.795
6727,0.893,0.879
7151,0.441,0.763
2495,0.554,0.72
6889,0.631,0.76
1171,0.601,0.687
6406,0.529,0.791
6013,0.678,0.787
568,0.167,0.763
64,0.543,0.69
6833,0.589,0.761
4611,0.482,0.714
5109,-1.115,0.605
1202,0.289,0.698
3873,-0.242,0.71
5202,0.814,0.769
7861,0.577,0.714
4592,0.778,0.811
151,0.934,0.872
3969,0.897,0.818
7390,0.395,0.701
4326,0.57,0.725
5703,0.892,0.852
5403,0.742,0.824
4939,-2.215,0.667
7134,0.581,0.805
3066,0.705,0.816
4571,0.912,0.813
1217,0.862,0.827
985,0.915,0.871
7227,0.565,0.765
2938,0.874,0.861
5186,0.841,0.799
5748,0.581,0.738
5489,0.571,0.706
6238,0.802,0.836
5136,0.853,0.751
1131,0.858,0.828
3773,-1.069,0.81
5718,0.703,0.748
5994,0.646,0.781
4380,0.812,0.786
3322,0.78,0.703
5032,0.039,0.349
7601,0.494,0.749
767,0.371,0.784
4169,0.915,0.883
1127,0.924,0.871
1025,0.821,0.777
7450,0.088,0.626
6370,0.714,0.781
2071,-0.061,0.678
3398,0.788,0.808
6349,-0.096,0.719
4541,0.743,0.629
5072,-0.676,0.547
5522,0.483,0.697
6724,0.851,0.825
4198,0.52,0.749
7748,0.488,0.79
6351,0.364,0.771
6990,0.866,0.856
3462,0.699,0.861
7813,0.915,0.874
5364,0.268,0.676
3014,0.045,0.721
4408,0.627,0.682
1249,0.543,0.772
15,0.864,0.831
2524,0.907,0.845
2048,0.517,0.691
7721,0.8,0.791
2434,0.47,0.721
2139,0.669,0.668
7146,0.481,0.794
4296,0.887,0.877
2043,0.252,0.581
4130,0.867,0.841
378,0.513,0.734
5205,0.323,0.688
2668,0.509,0.782
5381,0.732,0.766
5764,0.818,0.834
4676,0.539,0.734
6283,0.185,0.73
7471,0.22,0.693
671,0.524,0.768
4548,0.927,0.85
663,0.715,0.758
7407,0.413,0.739
2323,0.246,0.766
621,0.639,0.782
7637,-0.465,0.764
3615,0.721,0.815
6500,0.712,0.752
5608,0.51,0.714
3396,0.346,0.761
5857,0.546,0.758
5403,0.742,0.824
1507,0.599,0.805
3366,-0.03,0.686
3376,-0.233,0.739
6069,0.341,0.789
4663,-0.234,0.353
358,0.809,0.797
6754,0.682,0.827
6149,-0.169,0.681
6374,0.624,0.796
605,0.766,0.749
1167,0.323,0.778
6773,0.809,0.817
7486,0.344,0.601
5154,0.496,0.648
5462,0.592,0.662
2387,0.676,0.767
4944,-3.108,0.535
4880,-2.614,0.639
6282,-0.69,0.578
5811,0.456,0.859
5422,0.642,0.778
5440,0.86,0.82
2164,0.728,0.681
1536,0.867,0.862
1616,0.804,0.83
4356,0.469,0.717
4079,0.375,0.731
2727,0.875,0.837
1942,-0.805,0.71
7513,0.845,0.806
3321,0.889,0.862
6091,0.915,0.871
6905,0.856,0.821
6481,0.885,0.838
1355,0.917,0.861
501,0.529,0.717
2765,0.489,0.72
4279,0.669,0.812
1524,0.887,0.829
1046,0.387,0.747
4030,0.826,0.815
2640,0.205,0.736
5388,0.915,0.886
7463,0.528,0.686
4817,-0.839,0.186
7406,0.629,0.797
3502,0.878,0.87
1494,0.416,0.806
5668,0.768,0.833
151,0.934,0.872
7229,0.632,0.741
2219,0.409,0.654
7334,0.263,0.572
273,0.66,0.791
973,0.789,0.784
570,0.614,0.833
3123,0.718,0.816
6667,0.583,0.681
6303,-0.04,0.427
6837,0.913,0.843
6624,0.916,0.847
2166,0.807,-0.076
7588,0.423,0.734
4103,0.811,0.8
6678,0.544,0.717
3198,0.467,0.853
3651,0.767,0.802
7662,0.871,0.84
1673,0.451,0.693
846,0.625,0.784
4044,0.536,0.723
381,0.499,0.724
3675,0.775,0.792
1884,0.514,0.768
556,0.475,0.789
2376,-0.09,0.691
7015,0.571,0.808
3120,0.863,0.892
571,0.731,0.823
7189,0.653,0.8
4858,-0.821,0.592
6488,0.807,0.752
4680,0.135,0.801
6945,0.212,0.694
7323,0.54,0.716
4106,0.9,0.792
1181,0.668,0.762
5602,0.524,0.63
3819,0.238,0.725
7809,0.546,0.8
4226,0.52,0.738
4183,0.518,0.704
5216,0.017,0.765
2913,0.921,0.881
6324,0.891,0.843
3402,0.522,0.743
4882,-2.475,0.634
7384,0.825,0.831
7143,0.559,0.742
1194,0.733,0.786
3160,0.586,0.808
1356,0.671,0.815
1985,0.529,0.77
2785,0.623,0.802
275,0.688,0.84
2601,0.435,0.714
7337,0.479,0.678
6607,0.656,0.816
252,0.396,0.643
3699,0.614,0.709
2631,0.606,0.749
7167,-0.119,0.676
1778,0.565,0.748
5014,-1.793,0.543
5467,0.161,0.765
7391,0.276,0.689
4060,0.739,0.788
3438,0.842,0.834
3965,0.723,0.818
2605,0.609,0.816
2589,0.851,0.832
7190,0.585,0.712
7415,0.785,0.827
483,0.523,0.786
1546,0.748,0.799
6433,0.681,0.73
727,0.745,0.806
2558,0.792,0.844
3964,0.643,0.772
4354,0.495,0.762
1791,0.759,0.79
6598,0.622,0.818
4438,0.512,0.793
4512,0.923,0.869
7599,0.418,0.792
3769,0.886,0.82
3211,0.502,0.726
6683,0.623,0.765
7470,-0.24,0.643
1027,0.815,0.774
5803,0.679,0.826
7667,0.601,0.762
6098,0.78,0.832
6957,0.872,0.827
2832,0.453,0.734
6215,0.657,0.812
3199,0.193,0.862
3675,0.775,0.792
3603,0.435,0.758
3632,0.667,0.776
1766,0.797,0.747
4760,-1.588,0.492
3184,0.682,0.823
3366,-0.03,0.686
5294,0.857,0.823
5404,0.646,0.756
3930,0.505,0.797
860,0.833,0.818
2240,0.288,0.633
85,0.386,0.755
2890,0.495,0.72
3478,0.673,0.852
4516,0.712,0.756
2298,0.659,0.711
3026,0.806,0.82
3862,0.634,0.828
965,0.888,0.833
5081,-1.055,0.629
51,0.56,0.775
1017,0.776,0.787
4753,0.548,0.808
5235,0.607,0.786
3028,0.574,0.762
5841,0.902,0.878
2761,0.451,0.74
1451,0.036,0.564
2265,0.886,0.598
2654,0.891,0.849
148,0.931,0.888
3810,0.271,0.758
5630,0.611,0.756
1589,0.44,0.665
1923,0.779,0.875
4923,-2.719,0.465
5625,0.607,0.769
3443,0.78,0.867
1610,0.214,0.766
1506,0.757,0.766
1485,0.864,0.815
2594,0.609,0.818
4980,-1.176,0.377
5900,0.618,0.796
4470,0.074,0.688
6262,0.4,0.705
6363,0.636,0.761
5048,0.08,0.713
4186,0.718,0.806
6245,0.912,0.879
6214,0.67,0.85
872,0.55,0.711
3002,0.686,0.836
1106,0.805,0.815
2120,-0.208,0.629
448,0.056,0.675
5952,0.675,0.825
3173,0.808,0.841
7834,0.908,0.846
853,0.71,0.764
1712,-1.114,0.614
4809,-0.171,0.681
150,0.904,0.904
6106,0.936,0.902
5970,0.669,0.805
3184,0.682,0.823
2623,0.58,0.756
3532,0.317,0.699
1785,0.078,0.818
3709,0.926,0.9
5267,0.803,0.835
3116,0.754,0.786
6089,0.568,0.764
3534,0.145,0.684
4282,0.471,0.701
2220,0.161,0.259
493,0.348,0.767
4560,0.42,0.809
1621,0.754,0.731
3604,0.582,0.673
4456,0.619,0.735
2150,-0.064,0.611
2008,0.271,0.809
2319,0.349,0.594
1977,0.122,0.676
6173,0.823,0.835
757,0.394,0.755
1904,0.549,0.815
2769,0.428,0.721
423,0.659,0.706
7407,0.413,0.739
1838,0.333,0.669
3688,0.079,0.724
2184,0.447,0.771
1744,0.853,0.868
5299,0.901,0.821
1480,0.557,0.66
1508,0.86,0.825
4613,0.422,0.759
869,0.489,0.602
300,0.642,0.837
744,0.78,0.75
413,0.239,0.74
893,0.339,0.641
7334,0.263,0.572
6911,0.905,0.847
5277,0.832,0.811
2869,0.567,0.765
145,0.899,0.818
4470,0.074,0.688
7501,0.585,0.788
1011,0.716,0.773
5444,0.857,0.82
4982,-0.547,0.556
1844,0.187,0.71
6295,0.48,0.74
4683,0.77,0.777
1118,0.922,0.85
7764,0.869,0.828
2796,0.898,0.847
3208,0.369,0.493
2048,0.517,0.691
5583,0.71,0.805
1878,0.822,0.791
6822,0.494,0.76
160,0.907,0.844
7390,0.395,0.701
7048,0.819,0.857
5260,0.918,0.866
6797,0.544,0.772
3707,0.927,0.831
7399,0.56,0.729
2529,0.837,0.754
2208,0.569,0.762
4705,0.928,0.891
7330,0.401,0.699
7786,0.35,0.73
6912,0.911,0.893
3566,0.612,0.787
7872,0.538,0.783
3284,0.665,0.805
4389,0.913,0.839
4061,0.457,0.741
7213,0.313,0.642
1510,-0.304,0.719
5176,0.475,0.775
4865,-1.879,0.478
4872,-0.765,0.444
4644,0.876,0.833
4355,0.605,0.766
2984,0.891,0.864
482,0.623,0.785
5337,-0.39,0.654
2759,0.564,0.733
5631,0.721,0.753
1411,0.568,0.666
2603,0.759,0.793
17,0.836,0.777
404,0.423,0.575
5927,0.822,0.856
2335,-0.06,0.753
2933,0.908,0.874
4421,0.46,0.64
3339,0.773,0.887
