n
3
q_list
20 20 20
site_combn
1
2
3
1 2
1 3
2 3
nonspec_type
2
nonspec_param
-0.018572 1.1278
e
-2.0918
0.66814
-0.41421
0.48253
0.66558
-0.17337
-0.88276
0.30199
0.42384
0.54236
0.49317
0.26839
0.5954
-4.2523
0.6494
0.50905
0.057065
0.025157
0.24013
-0.29981
0.10027
-0.52157
0.88102
-1.2675
-0.59751
-0.7366
-1.5749
-1.1259
2.6528
0.80863
3.002
1.5837
-0.5816
-2.4871
0.0018073
1.9785
-0.84935
0.66188
1.765
-1.9226
-1.6708
0.36305
-0.25676
-1.248
-0.72168
0.078084
-0.97581
0.10507
0.67636
1.7097
0.89988
0.44933
-0.20208
-2.2749
0.096454
0.90214
0.093964
0.55474
0.43643
-0.82219
0.13618
-0.0096847
0.08683
-0.010541
0.038661
0.0025922
-0.010541
-0.004971
-0.027527
-0.026821
-0.078853
0.019661
-0.012184
-0.010541
-0.014076
0.013914
-0.010541
-0.02031
0.091393
-0.010541
-0.0059181
0.04454
-0.65898
0.043684
0.055044
0.056817
0.043684
0.049254
0.1415
-0.20073
0.16132
0.033943
0.042041
0.043684
0.040149
-0.11366
0.043684
0.033915
0.048121
0.043684
0.048307
-0.099471
0.37438
-0.061214
-0.27605
-0.04808
-0.061214
-0.13256
0.14534
-0.057465
-0.078347
0.27035
-0.018178
-0.061214
-0.064749
0.071739
-0.061214
0.0069057
0.26884
-0.061214
-0.056591
-0.046588
0.45434
-0.047444
-0.036085
-0.29698
-0.047444
-0.076362
0.049035
0.19227
-0.0026274
0.09587
-0.0046037
-0.047444
-0.050979
-0.022989
-0.047444
-0.013464
0.13167
-0.047444
-0.13528
0.0060714
0.0041141
0.0052149
0.016575
0.018348
0.0052149
0.010785
-0.060629
0.13723
0.019922
-0.17517
0.003572
0.0052149
0.00168
0.16984
0.0052149
-0.0045539
-0.1837
0.0052149
0.009838
-0.0025807
-0.068102
-0.0034372
0.0079225
0.0096961
-0.0034372
0.002133
0.069993
0.00031151
0.067134
-0.013178
-0.0050801
-0.0034372
-0.0069721
-0.038151
-0.0034372
-0.013206
0.00608
-0.0034372
0.0011858
-0.0045707
0.018173
-0.0054272
0.0059324
0.0077061
-0.0054272
0.00014294
0.0022936
-0.0016785
0.038056
-0.015168
-0.0070701
-0.0054272
-0.0089621
0.019028
-0.0054272
-0.015196
-0.010746
-0.0054272
-0.00080419
-0.00042187
0.12643
-0.0012784
0.010081
0.011855
-0.0012784
0.0042918
-0.21678
0.22305
-0.043148
-0.094892
-0.0029213
-0.0012784
0.025621
0.21401
-0.0012784
-0.011047
-0.24308
-0.0012784
0.0033447
0.10849
-0.3206
0.066531
0.18855
0.079665
0.066531
0.072101
0.049545
-0.42041
0.049398
0.056791
0.064888
0.066531
0.062996
-0.52415
0.066531
0.056762
0.072167
0.066531
0.071154
-0.015918
0.13995
-0.016774
-0.0054145
-0.0036408
-0.016774
-0.011204
-0.11647
0.20763
-0.045705
-0.13084
-0.018417
-0.016774
-0.020309
0.19116
-0.016774
0.045073
-0.11987
-0.016774
-0.012151
-0.0045595
0.1732
-0.005416
0.0059437
0.0077173
-0.005416
0.00015416
-0.029468
-0.0016673
-0.033878
-0.064259
-0.0070589
-0.005416
-0.0089509
0.019039
-0.005416
-0.015185
-0.01315
-0.005416
-0.00079297
-0.017827
0.0049173
-0.018683
-0.16771
-0.00555
-0.018683
-0.013113
0.07728
0.01291
-0.035816
0.10506
-0.020326
-0.018683
-0.022218
0.05599
-0.018683
-0.019417
0.1533
-0.018683
-0.01406
-0.00079241
0.021952
-0.0016489
0.0097108
0.011484
-0.0016489
0.0039212
-0.018635
0.0020998
-0.018782
-0.011389
-0.0032918
-0.0016489
-0.0051838
0.022806
-0.0016489
-0.011418
0.0027883
-0.0016489
0.0029741
-0.0085725
0.1239
-0.009429
0.0089441
0.0037044
-0.009429
-0.0038588
0.03324
-0.036724
-0.026562
0.0070704
-0.011072
-0.009429
-0.012964
-0.088776
-0.009429
-0.019198
0.082821
-0.009429
-0.0048059
0.089509
-0.61081
0.088652
0.27406
0.10179
0.088652
0.094222
0.071666
-0.41641
0.0059191
0.078912
0.087009
0.088652
0.12538
-0.60284
0.088652
0.071971
0.093089
0.088652
0.093275
0.007206
0.0098302
0.0063495
0.017709
0.019483
0.0063495
0.01192
0.052651
-0.20919
-0.010783
0.016596
0.0047066
0.0063495
0.0028146
-0.087724
0.0063495
-0.0034193
0.12548
0.0063495
0.010973
0.0077164
0.03046
0.0068598
0.01822
0.019993
0.0068598
0.01243
-0.010126
-0.043809
0.033103
-0.0028806
0.0052169
0.0068598
0.003325
-0.12782
0.0068598
-0.0029089
0.011297
0.0068598
0.011483
-0.003989
0.093105
0.014277
0.025636
0.02741
0.014277
0.019847
-0.12758
0.018025
-0.0028562
-0.03155
0.012634
0.014277
0.010742
0.04753
0.014277
0.004508
-0.18375
0.014277
0.0189
-0.040989
-0.018244
-0.041845
-0.030485
-0.028712
-0.041845
-0.036275
-0.059918
0.38787
-0.077397
-0.051585
-0.043488
-0.041845
-0.04538
0.55809
-0.041845
-0.051614
-0.21542
-0.041845
-0.037222
-0.0075729
0.015171
-0.0084295
-0.16724
0.0047039
-0.0084295
-0.0028593
-0.025415
0.23352
0.079902
-0.093334
-0.066377
-0.0084295
-0.011964
0.22295
-0.0084295
-0.018198
-0.11734
-0.0084295
-0.0038064
0.00078255
-0.00017217
-0.0062302
0.00070266
-2.4385e-05
-0.0034435
-0.00093579
-0.00097247
0.003673
0.00035459
-0.0023543
-0.00017217
0.017293
-0.00017217
0.0086396
-0.00017217
-0.00017217
-0.0014205
-0.015031
-0.00017217
0.00078255
-0.00017217
-0.0062302
0.00070266
-2.4385e-05
-0.0034435
-0.00093579
-0.00097247
0.003673
0.00035459
-0.0023543
-0.00017217
0.017293
-0.00017217
0.0086396
-0.00017217
-0.00017217
-0.0014205
-0.015031
-0.00017217
0.022356
0.021401
0.015343
0.022276
0.021549
-0.089695
0.020638
0.020601
0.025247
0.024843
0.019219
0.021401
-0.17851
0.021401
0.030213
0.021401
0.021401
0.020153
-0.10264
0.021401
0.0076339
0.0066792
0.00062118
0.007554
0.006827
-0.032868
0.0059156
0.021885
0.010524
0.007206
0.04814
0.0066792
-0.10778
0.0066792
0.015491
0.0066792
0.0066792
0.0054309
-0.036657
0.0066792
-0.0023442
-0.0032989
-0.0093569
-0.0024241
-0.0061069
-0.0065702
-0.0040625
-0.0040992
0.00054629
-0.0027722
-0.0054811
-0.0032989
0.014166
-0.0032989
0.071004
-0.0032989
-0.0032989
-0.0045472
-0.018158
-0.0032989
0.00078255
-0.00017217
-0.0062302
0.00070266
-2.4385e-05
-0.0034435
-0.00093579
-0.00097247
0.003673
0.00035459
-0.0023543
-0.00017217
0.017293
-0.00017217
0.0086396
-0.00017217
-0.00017217
-0.0014205
-0.015031
-0.00017217
-0.0014756
-0.0024304
-0.0084884
-0.0015555
-0.0022826
-0.0057017
-0.003194
-0.0032307
-0.0040045
-0.0019036
-0.0046125
-0.0024304
0.015035
-0.0024304
0.0063814
-0.0024304
-0.0024304
0.021287
0.0083278
-0.0024304
-0.0032463
-0.0042011
-0.010259
-0.0033262
-0.0040533
-0.0074724
-0.0049647
-0.0050014
0.040653
-0.0036743
-0.0063832
-0.0042011
0.013264
-0.0042011
0.04418
-0.0042011
-0.0042011
-0.0054494
-0.01906
-0.0042011
-0.0055834
-0.0065381
0.061186
-0.0056632
-0.0063903
0.10393
-0.0073017
-0.0073384
-0.073238
-0.0060113
-0.0087202
-0.0065381
0.010927
-0.0065381
-0.13173
-0.0065381
-0.0065381
-0.0077864
0.12295
-0.0065381
-0.00088296
-0.0018377
-0.0078957
-0.00096286
-0.0016899
-0.005109
-0.0026013
-0.002638
0.023507
-0.0013109
-0.0040198
-0.0018377
0.015627
-0.0018377
0.05715
-0.0018377
-0.0018377
-0.003086
-0.055062
-0.0018377
0.0030434
0.0020887
-0.0039693
-0.042253
0.0022365
-0.0011826
0.001325
0.0012884
0.0059339
0.0026154
-9.3471e-05
0.0020887
0.019554
0.0020887
0.0109
0.0020887
0.0020887
0.00084037
-0.01277
0.0020887
-0.00046541
-0.0014201
-0.0074781
-0.0005453
-0.0012723
-0.0046914
-0.0021838
-0.0022204
0.0024251
-0.00089337
-0.0036023
-0.0014201
0.016045
-0.0014201
0.0073916
-0.0014201
-0.0014201
-0.0026684
0.00868
-0.0014201
0.00078255
-0.00017217
-0.0062302
0.00070266
-2.4385e-05
-0.0034435
-0.00093579
-0.00097247
0.003673
0.00035459
-0.0023543
-0.00017217
0.017293
-0.00017217
0.0086396
-0.00017217
-0.00017217
-0.0014205
-0.015031
-0.00017217
-0.0052837
-0.0062384
-0.012296
-0.0053636
-0.0060906
-0.0095097
-0.007002
-0.0070387
-0.0023932
-0.0057116
-0.0084205
-0.0062384
0.011227
-0.0062384
0.0025734
-0.0062384
-0.0062384
-0.0074867
0.10023
-0.0062384
-0.016023
0.0021168
0.043437
0.030712
0.0022646
0.094632
0.0013532
0.0013165
-0.1511
0.0026436
-6.5308e-05
0.0021168
0.019582
0.0021168
-0.18653
0.0021168
0.0021168
0.00086854
0.14421
0.0021168
0.00078255
-0.00017217
-0.0062302
0.00070266
-2.4385e-05
-0.0034435
-0.00093579
-0.00097247
0.003673
0.00035459
-0.0023543
-0.00017217
0.017293
-0.00017217
0.0086396
-0.00017217
-0.00017217
-0.0014205
-0.015031
-0.00017217
0.00078255
-0.00017217
-0.0062302
0.00070266
-2.4385e-05
-0.0034435
-0.00093579
-0.00097247
0.003673
0.00035459
-0.0023543
-0.00017217
0.017293
-0.00017217
0.0086396
-0.00017217
-0.00017217
-0.0014205
-0.015031
-0.00017217
0.00078255
-0.00017217
-0.0062302
0.00070266
-2.4385e-05
-0.0034435
-0.00093579
-0.00097247
0.003673
0.00035459
-0.0023543
-0.00017217
0.017293
-0.00017217
0.0086396
-0.00017217
-0.00017217
-0.0014205
-0.015031
-0.00017217
-0.0032257
-0.0041804
-0.010238
-0.0033056
-0.0040326
-0.0074517
-0.004944
-0.0049807
0.09328
-0.017104
-0.0063625
-0.0041804
0.013285
-0.0041804
0.0046314
-0.0041804
-0.0041804
-0.0054287
-0.019039
-0.0041804
1.8929e-05
-0.00093579
-0.0069938
-6.0965e-05
-0.00078801
-0.0042071
0.013573
-0.0017361
0.0029094
-0.00040903
-0.0031179
-0.00093579
0.016529
-0.00093579
0.007876
-0.00093579
-0.00093579
-0.0021841
-0.015795
-0.00093579
-0.0076684
-0.0041727
-0.002404
-0.012299
-0.0057107
-0.0058753
-0.0079128
-0.010409
0.10793
-0.0063648
-0.010449
-0.01255
-0.0065016
-5.5752e-05
0.015312
-0.0065016
-0.0069658
-0.0076435
-0.0038851
-0.0058705
-0.00072342
-0.034088
0.004541
-0.0067279
0.0012343
0.0010697
-0.0009678
0.048997
0.020728
0.044593
-0.0035041
-0.0056053
0.00044342
0.0068893
-0.090022
0.00044342
0.0092637
-0.00069846
0.0030599
0.0010745
-0.008787
-0.0052913
-0.0035226
-0.013417
-0.0068293
-0.0069939
-0.0090314
-0.011527
0.12918
-0.0074834
-0.011568
-0.013669
-0.0076202
-0.0011743
0.014194
-0.0076202
-0.0080844
-0.008762
-0.0050037
-0.0069891
-0.0032994
0.00019631
0.001965
-0.0079297
-0.0013417
-0.0015063
-0.014574
-0.0060397
0.13062
-0.0019958
0.074168
-0.0081813
-0.0021326
-0.17061
0.019681
-0.0021326
-0.0025968
-0.0032744
0.00048392
-0.0015015
-0.0041031
-0.00060738
0.0011613
-0.0087334
-0.0021454
-0.00231
-0.0043475
-0.0068433
0.017348
-0.0027995
-0.0068838
-0.008985
-0.0029362
0.0035096
0.018877
-0.0029362
-0.0034005
0.018759
-0.00031977
-0.0023052
-0.0029612
0.0005345
0.0023032
-0.0075915
-0.0010035
-0.0011681
-0.0032056
-0.0057015
0.01849
-0.0016576
-0.0057419
-0.0078431
-0.0017944
0.0046515
0.020019
-0.0017944
-0.0022586
-0.0029362
0.00082211
-0.0011633
-0.0029612
0.0005345
0.0023032
-0.0075915
-0.0010035
-0.0011681
-0.0032056
-0.0057015
0.01849
-0.0016576
-0.0057419
-0.0078431
-0.0017944
0.0046515
0.020019
-0.0017944
-0.0022586
-0.0029362
0.00082211
-0.0011633
-0.00519
0.01489
7.4451e-05
-0.0098203
-0.0032322
-0.0033969
0.015879
-0.0079302
-0.048175
-0.0038864
-0.0079707
0.045898
-0.0040231
0.048941
0.017791
-0.0040231
-0.0044873
-0.005165
-0.032781
-0.0033921
0.0050315
-0.0050401
-0.018263
0.0004012
0.0069893
0.0068246
0.0047872
0.024774
0.0070642
0.018724
0.0022508
0.00014965
0.0061984
0.012644
-0.10517
0.0061984
0.0057341
0.0050565
0.0088149
0.0068294
0.0055536
0.032469
0.044121
0.065496
0.0075113
0.044287
0.02325
0.0028133
-0.33599
-0.05228
0.0027729
0.065676
0.0067204
0.034428
0.028534
0.0067204
0.0062562
0.0055786
-0.0012733
0.0073515
0.0046139
0.0095689
0.0056423
-0.0042524
-0.028018
0.002171
0.00013353
-0.0023624
0.022897
0.0016815
-0.0024028
-0.004504
0.0015447
0.017296
0.072413
0.0015447
0.0010805
0.00040287
-0.089006
-0.010445
-0.0060559
-0.0025602
-0.00079153
-0.010686
-0.0040982
-0.0042629
-0.0063003
-0.0087962
0.07729
-0.0047523
-0.0088367
-0.010938
-0.0048891
0.0015567
0.016925
-0.0048891
-0.0053533
-0.006031
-0.0022726
-0.0042581
0.012608
0.016103
0.017872
0.0079772
0.014565
0.014401
0.012363
0.0098673
-0.27732
0.013911
0.0098269
0.0077257
0.013774
0.02022
0.035588
0.013774
0.01331
0.012633
0.016391
0.014405
-0.0073665
-0.04572
-0.0021021
-0.011997
-0.0054088
-0.0055734
-0.0076109
-0.010107
0.14404
-0.0060629
-0.010147
-0.012248
-0.0061997
0.00024615
0.015614
-0.0061997
-0.0066639
-0.0073416
-0.0035832
-0.0055686
0.014553
0.018048
0.019817
0.062668
0.031046
0.038643
0.014308
0.011813
-0.20242
0.015856
0.010475
0.0096709
0.01572
-0.0089118
-0.20233
0.01572
0.015255
0.014578
0.089148
0.016351
-0.0029612
0.0005345
0.0023032
-0.0075915
-0.0010035
-0.0011681
-0.0032056
-0.0057015
0.01849
-0.0016576
-0.0057419
-0.0078431
-0.0017944
0.0046515
0.020019
-0.0017944
-0.0022586
-0.0029362
0.00082211
-0.0011633
0.010092
-0.0023369
-0.087264
-0.010463
-0.0038749
-0.0040395
-0.006077
-0.0085729
0.13181
-0.004529
-0.0086133
-0.010715
-0.0046658
0.00178
0.017148
-0.0046658
-0.00513
-0.0058077
0.0099609
-0.0040347
0.003484
0.0038039
0.0055726
-0.0043221
0.0022659
-0.069661
6.3832e-05
0.00076578
0.02176
0.0016118
-0.0024725
-0.0045737
0.001475
0.0079209
0.023289
0.001475
0.0010108
0.00033317
0.0040915
0.0021061
-0.0009278
0.0025679
0.0043366
-0.0055581
0.0010299
0.00086529
-0.0011722
-0.0036681
-0.020144
0.00037581
-0.0037085
-0.0058097
0.00023904
0.0066849
0.022053
0.00023904
-0.00022519
-0.00090284
0.0028555
0.00087009
-0.0029305
0.00056519
0.0023339
-0.0075608
-0.00097279
-0.0011374
-0.0031749
-0.0056708
0.017907
-0.0016269
-0.0057112
-0.0078124
-0.0017637
0.0046822
0.02005
-0.0017637
-0.0022279
-0.0029056
0.0008528
-0.0011326
