n
3
q_list
20 20 20
site_combn
1
2
3
nonspec_type
2
nonspec_param
-0.012191 1.0796
e
-2.1505
0.72784
-0.45047
0.61398
0.78873
-0.19487
-0.91996
0.32924
0.45896
0.48805
0.55018
0.29729
0.66534
-4.6827
0.70318
0.42467
0.062391
0.019565
0.24287
-0.25845
0.13421
-0.52667
0.96752
-1.3035
-0.59789
-0.77919
-1.671
-1.189
2.8237
0.85785
3.2385
1.6785
-0.58796
-2.8634
0.026718
2.1091
-0.88734
0.7164
1.8669
-2.0813
-1.798
0.38373
-0.26913
-1.3151
-0.75146
0.079869
-1.0347
0.11035
0.71976
1.8657
0.9552
0.47046
-0.20974
-2.4403
0.10642
0.92815
0.097059
0.58488
0.45867
-0.87919
0.13945
