n
11
q_list
2 2 2 2 2 2 2 2 2 2 2
site_combn
1
2
3
4
5
6
7
8
9
10
11
1 2
1 3
1 4
1 5
1 6
1 7
1 8
1 9
1 10
1 11
2 3
2 4
2 5
2 6
2 7
2 8
2 9
2 10
2 11
3 4
3 5
3 6
3 7
3 8
3 9
3 10
3 11
4 5
4 6
4 7
4 8
4 9
4 10
4 11
5 6
5 7
5 8
5 9
5 10
5 11
6 7
6 8
6 9
6 10
6 11
7 8
7 9
7 10
7 11
8 9
8 10
8 11
9 10
9 11
10 11
nonspec_type
2
nonspec_param
6.7131 3.2481
e
0.71567
0.78703
0.91109
0.029011
-0.06382
0.050657
0.98026
0.53743
-0.06516
0.34522
0.24119
0.1752
-0.023349
0.036243
0.0015481
0
-0.046952
-0.00015388
0.16106
0.037302
0.093499
-0.0089446
-0.051869
0
-0.0021052
-0.21471
-0.13362
-0.08976
-0.04257
0.016377
-0.06279
-0.0083987
-0.020161
5.0909e-05
-0.0081967
-0.0049787
0.0094271
0.016907
-0.0084063
0.0044405
-0.04816
0
-0.011042
0.025785
-0.0026192
-0.0085919
-0.016573
0.019326
0
0.0066084
0.011071
-0.011156
0.13904
0.11406
0.13361
-0.13045
0.0012252
0.20128
-0.061933
-0.048213
-0.027776
-0.095536
-0.12241
0.0027966
0.090247
-0.076752
-0.037383
