"ref","1","2","3"
48,-0.985,-1.878,-1.039
1,-0.246,-0.781,-0.452
2,0.165,-1.642,0.756
3,-0.612,-0.954,-0.782
4,-0.47,0.025,-1.258
5,-0.588,-1.622,-0.543
6,-1.015,-0.207,-4.402
7,-1.071,-0.852,-1.745
8,-0.994,-0.628,-0.637
9,-0.218,-1.154,0.52
10,0.066,-0.343,-0.302
11,-0.304,0.067,-0.012
12,-1.006,0.164,0.129
13,-0.255,-0.779,-0.459
14,0.136,-0.974,-0.467
15,0.06,0.231,-3.522
16,-0.689,0.086,-1.655
17,-0.372,-1.649,0.288
18,-1.35,-0.121,-1
19,-0.744,-0.551,-1.243
20,-0.06,-0.247,-1.318
21,-1.165,-1.078,-1.643
22,-2.094,-0.111,-3.709
23,-0.927,-0.519,-3.087
24,-0.98,-1.368,-0.694
25,-0.012,-0.837,-0.23
26,-1.117,0.057,-3.308
27,-0.445,0.163,-2.219
28,-0.56,-0.743,0.385
29,-0.677,-1.69,-1.774
30,-0.792,-1.753,-0.611
31,-0.163,-0.867,-2.448
32,-1.526,-0.738,-0.718
33,-0.221,0.176,-0.511
34,-0.199,-0.955,0.199
35,-0.295,0.371,-1.132
36,-1.625,0.027,-1.896
37,-0.038,-0.547,-2.949
38,-0.831,-0.775,-1.303
39,-0.329,-1.066,-1.542
40,-0.909,-0.934,-3.509
41,-0.322,-0.734,-0.928
42,-1.745,0.066,-2.542
43,-0.979,-0.848,-2.198
44,-0.821,-1.781,0.452
45,-0.717,-0.938,-2.112
46,-0.82,-1.359,0.472
47,-0.798,-0.809,-1.878
48,-0.985,-1.878,-1.039
