n
5
q_list
2 2 2 3 2
site_combn
1
2
3
4
5
1 2
1 3
1 4
1 5
2 3
2 4
2 5
3 4
3 5
4 5
1 2 3
1 2 4
1 2 5
1 3 4
1 3 5
1 4 5
2 3 4
2 3 5
2 4 5
3 4 5
nonspec_type
2
nonspec_param
-0.0066599 0.97517
e
0.44902
1.0284
-1.0284
-0.47615
0.47615
-1.1116
1.1116
-0.030315
1.2124
-1.1821
-0.27856
0.27856
-0.58579
0.58579
0.58579
-0.58579
-1.3353
1.3353
1.3353
-1.3353
-1.3285
-0.17417
1.5027
1.3285
0.17417
-1.5027
-0.82652
0.82652
0.82652
-0.82652
-0.1233
0.1233
0.1233
-0.1233
-1.4901
0.26608
1.224
1.4901
-0.26608
-1.224
-0.12685
0.12685
0.12685
-0.12685
-1.3814
0.41605
0.96536
1.3814
-0.41605
-0.96536
-1.016
1.016
1.016
-1.016
-0.43732
0.43732
-0.20577
0.20577
0.64309
-0.64309
0.0064254
-0.0064254
-0.0064254
0.0064254
-0.0064254
0.0064254
0.0064254
-0.0064254
0.61033
0.6092
-1.2195
-0.61033
-0.6092
1.2195
-0.61033
-0.6092
1.2195
0.61033
0.6092
-1.2195
0.067185
-0.067185
-0.067185
0.067185
-0.067185
0.067185
0.067185
-0.067185
-0.12801
0.08338
0.044627
0.12801
-0.08338
-0.044627
0.12801
-0.08338
-0.044627
-0.12801
0.08338
0.044627
0.20972
-0.20972
-0.20972
0.20972
-0.20972
0.20972
0.20972
-0.20972
-0.50248
0.50248
0.65016
-0.65016
-0.14768
0.14768
0.50248
-0.50248
-0.65016
0.65016
0.14768
-0.14768
1.3662
-0.69795
-0.66824
-1.3662
0.69795
0.66824
-1.3662
0.69795
0.66824
1.3662
-0.69795
-0.66824
0.21666
-0.21666
-0.21666
0.21666
-0.21666
0.21666
0.21666
-0.21666
-0.0088201
0.0088201
0.093861
-0.093861
-0.085041
0.085041
0.0088201
-0.0088201
-0.093861
0.093861
0.085041
-0.085041
-0.27782
0.27782
0.47987
-0.47987
-0.20205
0.20205
0.27782
-0.27782
-0.47987
0.47987
0.20205
-0.20205
