n
5
q_list
2 2 2 3 2
site_combn
1
2
3
4
5
1 2
1 3
1 4
1 5
2 3
2 4
2 5
3 4
3 5
4 5
nonspec_type
2
nonspec_param
0.075277 0.86124
e
1.236
2.4332
-2.4332
-2.8375
2.8375
-4.1142
4.1142
-2.9806
2.8287
0.15184
-1.1099
1.1099
-2.4247
2.4247
2.4247
-2.4247
-4.043
4.043
4.043
-4.043
-2.9022
0.11569
2.7865
2.9022
-0.11569
-2.7865
-1.442
1.442
1.442
-1.442
-0.71186
0.71186
0.71186
-0.71186
-3.4396
0.38693
3.0527
3.4396
-0.38693
-3.0527
-0.33041
0.33041
0.33041
-0.33041
-2.8597
1.4299
1.4299
2.8597
-1.4299
-1.4299
-1.6
1.6
1.6
-1.6
-0.037193
0.037193
-1.4116
1.4116
1.4487
-1.4487
