"ref","1","2","3"
258,0.782,0.574,0.624
460,0.687,0.419,-0.087
166,0.46,0.461,0.476
455,0.876,0.75,0.119
90,0.723,0.747,0.622
288,0.724,0.685,0.417
273,0.677,-0.045,0.068
165,0.476,0.195,-0.056
378,0.609,0.745,0.282
45,0.754,0.597,0.212
174,0.739,0.554,-0.062
466,0.579,0.298,0.402
208,0.736,0.682,0.356
387,0.483,0.829,-1.033
295,0.812,0.92,0.612
108,0.613,0.641,0.565
284,0.862,0.9,0.748
432,0.848,0.6,0.526
521,0.235,0.87,0.572
436,0.74,0.722,0.3
185,0.26,0.259,-1.541
225,0.733,0.656,-0.02
559,0.538,-0.797,-0.665
475,0.799,0.695,0.387
255,0.678,0.652,0.366
136,0.709,0.297,0.601
30,0.489,0.532,-0.019
497,0.611,-0.056,-0.873
476,0.773,0.817,0.584
471,0.634,0.716,0.454
42,0.763,0.715,0.714
164,0.713,0.498,0.348
44,0.823,0.626,0.002
33,0.73,0.442,0.54
418,0.545,0.135,0.292
136,0.709,0.297,0.601
535,0.45,-1.294,-0.182
493,0.628,0.494,0.252
191,-0.592,0.494,0.398
193,0.72,0.088,0.398
516,0.496,-2.025,0.513
549,0.778,0.798,0.568
51,0.815,0.681,0.336
159,0.709,0.653,0.039
95,0.691,0.919,0.574
504,0.835,0.704,0.337
262,0.776,0.535,-0.163
124,0.712,0.611,0.188
28,0.818,0.741,0.2
325,0.834,0.669,0.257
503,0.714,0.774,0.577
445,0.743,0.826,0.495
369,0.832,0.82,0.32
34,0.639,0.792,0.134
264,0.626,0.119,-0.199
117,0.732,0.786,0.478
484,0.698,0.781,0.402
544,0.742,0.758,-0.299
293,0.733,0.844,0.578
368,0.572,0.243,0.298
151,0.71,0.639,0.344
376,0.79,0.891,0.588
433,0.829,-0.356,0.605
553,0.826,0.531,0.438
416,0.785,0.046,-0.165
132,0.672,0.007,-0.141
411,0.731,0.501,0.578
236,0.672,0.757,0.529
97,0.739,0.901,0.532
335,0.86,0.503,0.466
180,0.709,0.567,0.586
383,0.61,-0.002,0.352
358,-1.13,0.723,-0.045
119,0.696,0.295,-0.099
244,0.729,0.574,0.261
289,0.542,0.696,-0.67
574,0.755,0.9,0.757
41,0.801,0.896,0.675
195,0.806,0.82,0.409
413,0.831,0.905,0.642
448,0.835,0.799,0.6
40,0.147,0.794,0.538
239,0.656,0.548,-0.112
367,0.535,-0.248,-0.153
264,0.626,0.119,-0.199
317,0.802,0.905,0.829
99,0.623,-0.025,-1.335
113,0.743,0.847,0.424
222,0.287,-0.086,-0.682
551,0.738,0.522,0.202
112,0.657,0.707,0.415
564,0.58,0.716,0.469
245,0.76,0.404,0.526
54,0.857,0.706,0.703
282,0.77,0.719,-0.036
399,0.158,-0.572,-1.187
203,0.683,0.742,0.257
521,0.235,0.87,0.572
116,0.802,0.615,0.052
264,0.626,0.119,-0.199
126,0.613,0.71,0.238
552,0.748,0.74,0.617
183,0.744,0.368,-0.357
423,0.269,0.781,0.375
245,0.76,0.404,0.526
97,0.739,0.901,0.532
557,0.764,0.689,0.419
425,-0.571,0.483,-1.872
44,0.823,0.626,0.002
258,0.782,0.574,0.624
457,0.645,0.606,0.451
98,0.579,0.948,0.845
31,0.471,0.185,-0.937
270,0.79,0.874,0.477
62,0.491,-2.15,0.635
539,0.58,0.189,-0.427
75,0.645,0.302,-1.448
437,0.422,-0.313,-0.168
110,0.817,0.919,0.703
471,0.634,0.716,0.454
479,0.301,0.225,-0.467
248,0.593,0.716,0.464
260,0.688,0.884,0.673
120,0.757,0.853,0.567
308,0.833,0.596,0.293
8,0.68,0.187,0.42
329,0.821,0.603,-0.145
269,0.841,0.643,0.222
122,0.493,0.186,0.457
553,0.826,0.531,0.438
573,0.694,0.488,0.108
482,0.597,0.897,0.713
485,0.755,0.508,0.487
422,0.797,0.534,0.084
369,0.832,0.82,0.32
397,0.648,0.572,0.214
176,0.747,0.916,0.859
260,0.688,0.884,0.673
282,0.77,0.719,-0.036
278,0.714,0.742,0.59
70,0.819,0.118,0.177
225,0.733,0.656,-0.02
48,0.682,0.833,0.63
104,0.749,0.926,0.8
182,0.567,0.301,0.048
556,0.814,0.911,0.705
4,0.766,0.727,0.173
75,0.645,0.302,-1.448
542,0.756,0.245,-0.885
544,0.742,0.758,-0.299
520,0.658,0.299,-0.243
485,0.755,0.508,0.487
551,0.738,0.522,0.202
539,0.58,0.189,-0.427
509,0.549,-0.454,0.394
111,0.462,0.564,-0.504
20,0.636,0.483,0.457
36,0.455,0.592,-0.23
407,0.609,0.518,-0.605
512,0.732,0.532,-0.283
140,0.817,0.895,0.655
226,0.778,0.67,0.306
254,-0.908,0.6,-0.83
12,0.698,0.435,0.512
97,0.739,0.901,0.532
302,0.818,0.591,0.347
539,0.58,0.189,-0.427
228,0.528,0.631,0.283
218,0.719,0.565,0.48
268,0.806,0.684,0.477
59,0.785,0.515,0.576
386,0.824,0.821,0.766
280,0.834,0.867,0.631
94,0.579,-1.379,0.468
318,0.813,0.617,0.426
565,0.228,0.542,-0.311
194,0.728,0.176,-0.341
207,0.686,0.458,0.062
114,0.634,0.525,-1.156
557,0.764,0.689,0.419
272,0.755,0.143,0.118
397,0.648,0.572,0.214
553,0.826,0.531,0.438
512,0.732,0.532,-0.283
484,0.698,0.781,0.402
86,0.595,0.528,-0.107
294,0.77,0.532,-0.272
259,0.494,-0.165,0.39
207,0.686,0.458,0.062
11,0.754,0.811,0.621
134,0.71,0.253,-0.954
332,0.877,0.81,0.671
9,0.882,0.89,0.573
446,0.763,0.623,0.302
229,0.772,0.759,0.507
466,0.579,0.298,0.402
552,0.748,0.74,0.617
386,0.824,0.821,0.766
428,0.71,0.261,0.716
444,0.393,-0.17,-0.815
138,0.686,0.32,-0.283
415,0.727,0.583,-0.28
270,0.79,0.874,0.477
159,0.709,0.653,0.039
269,0.841,0.643,0.222
508,0.706,-0.425,0.191
472,0.306,0.844,0.699
178,0.74,0.858,0.748
434,0.706,0.32,-1.167
232,-0.109,-1.233,-1.001
312,0.835,0.808,0.63
134,0.71,0.253,-0.954
341,0.811,0.914,0.605
481,0.752,0.935,0.724
13,0.621,0.134,-1.079
206,0.841,0.827,0.505
494,0.564,-0.046,0.473
26,0.759,0.335,-0.188
71,0.644,-0.004,0.083
142,0.804,0.5,0.199
358,-1.13,0.723,-0.045
395,0.689,-0.28,-0.684
146,0.641,-0.027,0.341
108,0.613,0.641,0.565
547,0.652,0.145,-0.184
404,0.872,0.292,0.207
272,0.755,0.143,0.118
553,0.826,0.531,0.438
24,0.119,-1.481,-0.936
400,0.703,0.114,0.182
92,0.795,0.74,0.376
539,0.58,0.189,-0.427
504,0.835,0.704,0.337
271,0.821,0.692,0.584
53,0.543,0.585,0.173
392,0.212,-0.705,-0.728
194,0.728,0.176,-0.341
121,0.681,0.589,-0.186
491,0.697,0.883,0.483
12,0.698,0.435,0.512
141,0.852,0.712,0.291
464,0.764,0.897,0.67
386,0.824,0.821,0.766
500,0.621,0.628,-0.348
536,0.846,0.641,-0.217
421,0.679,0.668,0.651
277,0.763,0.781,0.517
137,0.871,0.877,0.597
33,0.73,0.442,0.54
97,0.739,0.901,0.532
219,0.749,0.519,0.2
133,0.682,0.761,0.288
491,0.697,0.883,0.483
395,0.689,-0.28,-0.684
488,0.833,0.772,0.528
111,0.462,0.564,-0.504
255,0.678,0.652,0.366
147,0.71,0.737,0.51
539,0.58,0.189,-0.427
531,0.736,0.575,0.39
460,0.687,0.419,-0.087
60,-2.103,-0.008,-2.362
455,0.876,0.75,0.119
347,0.749,0.642,0.617
322,-0.005,0.461,-0.835
149,0.744,0.87,0.801
214,0.764,0.822,0.464
484,0.698,0.781,0.402
48,0.682,0.833,0.63
160,0.754,0.893,0.677
299,0.806,0.897,0.566
69,0.776,0.746,-0.233
49,0.694,0.914,0.746
545,0.685,0.604,-0.067
408,0.672,0.62,0.093
331,0.614,0.84,-0.223
46,0.867,0.656,0.428
504,0.835,0.704,0.337
481,0.752,0.935,0.724
38,0.723,0.241,0.192
227,0.789,0.598,0.456
317,0.802,0.905,0.829
115,0.201,-0.106,0.134
547,0.652,0.145,-0.184
431,0.769,0.633,0.329
81,0.448,-0.843,-0.617
32,0.228,0.366,-0.149
515,0.833,0.812,0.716
157,0.813,0.816,0.715
99,0.623,-0.025,-1.335
237,0.754,0.653,0.523
433,0.829,-0.356,0.605
104,0.749,0.926,0.8
441,0.612,0.8,0.577
499,0.817,0.564,-0.085
70,0.819,0.118,0.177
125,0.556,0.849,0.533
109,0.843,0.92,0.421
137,0.871,0.877,0.597
354,0.682,0.719,0.345
263,0.681,0.847,0.314
321,0.719,0.763,0.29
563,0.768,0.757,0.294
224,0.839,0.89,0.752
320,0.863,0.762,0.366
61,0.686,0.65,0.131
233,0.017,-0.291,-0.27
411,0.731,0.501,0.578
114,0.634,0.525,-1.156
477,0.822,0.789,0.124
438,0.827,0.809,0.46
168,0.679,0.606,-0.312
441,0.612,0.8,0.577
265,0.151,0.472,-0.791
379,0.682,0.882,0.4
19,0.829,0.868,0.649
502,0.571,0.779,0.495
203,0.683,0.742,0.257
127,0.665,-0.045,-0.131
27,0.792,-1.303,-1.405
349,0.602,0.731,0.042
49,0.694,0.914,0.746
288,0.724,0.685,0.417
31,0.471,0.185,-0.937
178,0.74,0.858,0.748
103,0.516,0.821,0.44
548,0.757,0.831,0.806
273,0.677,-0.045,0.068
5,0.753,0.603,-0.096
495,0.629,0.105,-0.04
439,0.688,0.714,0.243
153,0.802,0.833,0.698
508,0.706,-0.425,0.191
59,0.785,0.515,0.576
366,0.691,0.654,-0.034
147,0.71,0.737,0.51
205,0.536,0.69,0.08
292,0.636,0.771,0.647
107,0.702,0.433,0.445
61,0.686,0.65,0.131
260,0.688,0.884,0.673
382,0.798,0.822,0.764
439,0.688,0.714,0.243
383,0.61,-0.002,0.352
379,0.682,0.882,0.4
209,0.815,0.798,0.538
148,0.821,0.842,0.847
572,0.763,0.783,0.514
125,0.556,0.849,0.533
513,0.649,0.435,-0.149
183,0.744,0.368,-0.357
534,0.833,0.944,0.866
349,0.602,0.731,0.042
493,0.628,0.494,0.252
224,0.839,0.89,0.752
380,0.702,0.912,0.835
166,0.46,0.461,0.476
375,0.828,0.904,0.757
228,0.528,0.631,0.283
488,0.833,0.772,0.528
58,0.45,0.552,0.258
286,0.646,0.796,0.702
321,0.719,0.763,0.29
134,0.71,0.253,-0.954
192,0.716,0.603,0.305
361,0.854,0.825,0.536
30,0.489,0.532,-0.019
96,0.776,0.932,0.73
565,0.228,0.542,-0.311
325,0.834,0.669,0.257
554,0.788,0.777,0.751
380,0.702,0.912,0.835
164,0.713,0.498,0.348
189,-0.21,-0.605,-1.007
493,0.628,0.494,0.252
438,0.827,0.809,0.46
338,0.703,0.401,-0.494
156,0.739,0.874,0.145
124,0.712,0.611,0.188
208,0.736,0.682,0.356
490,0.702,0.78,0.509
355,0.382,-0.138,0.553
430,0.811,0.934,0.817
192,0.716,0.603,0.305
566,0.732,0.679,0.235
494,0.564,-0.046,0.473
112,0.657,0.707,0.415
140,0.817,0.895,0.655
424,-0.361,0.653,0.578
433,0.829,-0.356,0.605
222,0.287,-0.086,-0.682
184,-1.004,0.29,-1.648
96,0.776,0.932,0.73
469,0.737,0.344,0.173
283,0.764,0.828,0.534
200,0.783,0.6,0.588
292,0.636,0.771,0.647
203,0.683,0.742,0.257
139,0.81,0.877,0.484
103,0.516,0.821,0.44
98,0.579,0.948,0.845
182,0.567,0.301,0.048
143,0.856,0.527,0.262
344,0.806,0.721,0.633
481,0.752,0.935,0.724
100,0.843,0.891,0.624
546,0.821,0.795,0.654
507,0.847,0.776,0.606
283,0.764,0.828,0.534
228,0.528,0.631,0.283
472,0.306,0.844,0.699
117,0.732,0.786,0.478
430,0.811,0.934,0.817
63,0.737,0.648,-0.311
470,0.719,0.616,0.421
172,0.599,-0.234,0.218
494,0.564,-0.046,0.473
417,0.816,0.64,0.584
163,0.732,0.89,0.762
377,0.511,0.773,0.602
17,0.571,0.748,0.264
59,0.785,0.515,0.576
153,0.802,0.833,0.698
291,0.824,0.791,0.076
93,0.835,0.646,0.817
299,0.806,0.897,0.566
235,0.84,0.833,0.639
260,0.688,0.884,0.673
260,0.688,0.884,0.673
536,0.846,0.641,-0.217
360,0.823,0.613,0.476
465,0.771,0.874,0.682
316,0.557,0.664,0.087
319,0.758,0.846,0.214
199,0.571,0.258,0.247
343,0.404,0.691,0.219
210,0.834,0.847,0.102
344,0.806,0.721,0.633
219,0.749,0.519,0.2
468,0.779,0.713,0.485
256,0.836,0.604,-0.914
177,0.624,0.584,-0.185
123,0.633,0.419,-1.164
164,0.713,0.498,0.348
326,0.784,0.722,0.701
33,0.73,0.442,0.54
392,0.212,-0.705,-0.728
3,0.781,0.861,0.551
337,0.532,0.417,0.254
388,-0.979,-1.242,-1.983
251,0.684,0.783,0.556
260,0.688,0.884,0.673
311,0.481,0.58,0.053
111,0.462,0.564,-0.504
136,0.709,0.297,0.601
51,0.815,0.681,0.336
228,0.528,0.631,0.283
573,0.694,0.488,0.108
251,0.684,0.783,0.556
4,0.766,0.727,0.173
182,0.567,0.301,0.048
390,0.82,0.68,0.664
239,0.656,0.548,-0.112
491,0.697,0.883,0.483
454,0.62,0.177,0.477
128,0.629,0.429,0.443
247,0.757,0.428,0.385
13,0.621,0.134,-1.079
341,0.811,0.914,0.605
38,0.723,0.241,0.192
484,0.698,0.781,0.402
540,0.799,0.854,0.484
465,0.771,0.874,0.682
575,0.435,-0.135,-0.772
506,0.773,0.863,0.713
250,0.54,0.4,-0.155
19,0.829,0.868,0.649
407,0.609,0.518,-0.605
5,0.753,0.603,-0.096
158,0.472,0.519,-0.092
86,0.595,0.528,-0.107
261,0.38,-0.11,0.465
346,0.644,0.633,0.39
396,0.799,-0.238,-0.599
382,0.798,0.822,0.764
387,0.483,0.829,-1.033
485,0.755,0.508,0.487
85,0.762,0.72,0.718
14,0.64,0.528,0.369
144,0.737,0.557,0.343
302,0.818,0.591,0.347
236,0.672,0.757,0.529
320,0.863,0.762,0.366
372,0.678,0.735,0.634
568,0.822,0.766,0.601
375,0.828,0.904,0.757
60,-2.103,-0.008,-2.362
220,0.765,0.644,0.075
237,0.754,0.653,0.523
144,0.737,0.557,0.343
3,0.781,0.861,0.551
