n
6
q_list
4 4 3 2 3 2
site_combn
1
2
3
4
5
6
1 2
1 3
1 4
1 5
1 6
2 3
2 4
2 5
2 6
3 4
3 5
3 6
4 5
4 6
5 6
1 2 3
1 2 4
1 2 5
1 2 6
1 3 4
1 3 5
1 3 6
1 4 5
1 4 6
1 5 6
2 3 4
2 3 5
2 3 6
2 4 5
2 4 6
2 5 6
3 4 5
3 4 6
3 5 6
4 5 6
nonspec_type
2
nonspec_param
-4.0476 8.6121
e
-0.46305
0.37346
0.1402
0.41445
-0.92811
0.16472
0.84408
0.028606
-1.0374
-0.20774
0.25159
-0.043848
-0.21762
0.21762
0.24696
0.12734
-0.3743
0.13726
-0.13726
-0.0093252
0.13047
-0.044908
-0.076234
-0.04579
0.051688
-0.033929
0.02803
0.059699
-0.27505
0.07156
0.14379
-0.0045846
0.092893
0.0072764
-0.095585
0.06429
-0.11416
0.049868
-0.0055082
0.027326
-0.021818
-0.051396
0.087425
-0.03603
-0.0073862
-0.00059343
0.0079796
-0.0931
0.0931
0.11033
-0.11033
-0.11888
0.11888
0.10165
-0.10165
-0.031239
0.031934
-0.00069548
-0.0093636
-0.011816
0.02118
0.057119
-0.022608
-0.034511
-0.016517
0.0024904
0.014026
0.030514
-0.030514
-0.011945
0.011945
-0.0053782
0.0053782
-0.013191
0.013191
0.0074971
-0.0037486
-0.0037486
0.0074971
-0.0037486
-0.0037486
-0.022491
0.011246
0.011246
0.0074971
-0.0037486
-0.0037486
0.021676
-0.021676
-0.089767
0.089767
0.022385
-0.022385
0.045706
-0.045706
-0.015154
-0.0013398
0.016494
0.045463
0.0040194
-0.049482
-0.015154
-0.0013398
0.016494
-0.015154
-0.0013398
0.016494
-0.021809
0.021809
0.050554
-0.050554
-0.0069369
0.0069369
-0.021809
0.021809
-0.012272
0.012272
0.015323
-0.015323
-0.003051
0.003051
-0.0058783
0.00068077
0.0051976
0.0072399
-0.0058783
-0.0013615
-0.0013615
0.0051976
-0.003836
0.0027491
-0.0027491
-0.0013746
0.0013746
-0.0013746
0.0013746
-0.035485
0.026014
0.0094711
0.035485
-0.026014
-0.0094711
0.060465
-0.060465
-0.060465
0.060465
-0.073386
0.073386
-0.029944
0.029944
0.10333
-0.10333
0
0
0
0
0
0
0
0
0
0
0
0
0
0
0
0
0
0
0
0
0
0
0
0
0
0
0
0
0
0
0
0
0
0
0
0
0
0
0
0
0
0
0
0
0
0
0
0
-0.0030152
0.0030152
-0.060918
0.060918
-0.0030152
0.0030152
0.066948
-0.066948
0.0010051
-0.0010051
0.020306
-0.020306
0.0010051
-0.0010051
-0.022316
0.022316
0.0010051
-0.0010051
0.020306
-0.020306
0.0010051
-0.0010051
-0.022316
0.022316
0.0010051
-0.0010051
0.020306
-0.020306
0.0010051
-0.0010051
-0.022316
0.022316
0
0
0
0
0
0
0
0
0
0
0
0
0
0
0
0
0
0
0
0
0
0
0
0
0
0
0
0
0
0
0
0
0
0
0
0
0
0
0
0
0
0
0
0
0
0
0
0
0
0
0
0
0
0
0
0
0
0
0
0
0
0
0
0
0
0
0
0
0
0
0
0
0
0
0
0
0
0
0
0
0.0037125
-0.0037125
-0.007425
0.007425
0.0037125
-0.0037125
-0.0070245
0.0070245
0.014049
-0.014049
-0.0070245
0.0070245
0.001656
-0.001656
-0.003312
0.003312
0.001656
-0.001656
0.001656
-0.001656
-0.003312
0.003312
0.001656
-0.001656
0
0
0
0
0
0
0
0
0
0
0
0
0
0
0
0
0
0
0
0
0
0
0
0
0
0
0
0
0
0
0
0
0
0
0
0
0
0
0
0
0
0
0
0
0
0
0
0
0
0
0
0
0
0
0
0
0
0
0
0
0
0
0
0
0
0
0
0
0
0
0
0
0
0
0
0
0
0
0
0
0
0
0
0
0
0
0
0
0
0
0
0
0
0
0
0
0
0
0
0
0.0022647
-0.0022647
0.0013302
-0.0013302
-0.0035949
0.0035949
0.0010187
-0.0010187
0.0038222
-0.0038222
-0.0048409
0.0048409
-0.0055481
0.0055481
-0.0064826
0.0064826
0.012031
-0.012031
0.0022647
-0.0022647
0.0013302
-0.0013302
-0.0035949
0.0035949
0
0
0
0
0
0
0
0
0
0
0
0
0
0
0
0
0
0
0
0
0
0
0
0
0
0
0
0
0
0
0
0
0
0
0
0
0
0
0
0
0
0
0
0
0
0
0
0
0
0
0
0
0
0
0
0
0
0
0
0
0
0
0
0
0
0
0
0
0
0
0
0
0
0
0
0
0
0
0
0
0
0
0
0
0
0
0
0
0
0
0
0
0
0
0
0
0
0
0
0
0
0
0
0
0
0
0
0
0
0
0
0
0
0
0
0
0
0
0
0
0
0
0
0
0
0
0
0
0
0
0
0
0
0
0
0
0
0
0
0
0
0
0
0
0
0
0
0
0
0
0
0
0
0
0
0
0
0
0
0
0
0
0
0
0
0
0
0
0
0
0
0
0
0
0
0
0
0
0
0
0
0
0
0
0
0
0
0
0
0
0
0
0
0
0
0
0.0050223
-0.0050223
-0.0025112
0.0025112
-0.0025112
0.0025112
-0.0050223
0.0050223
0.0025112
-0.0025112
0.0025112
-0.0025112
