n
6
q_list
4 4 3 2 3 2
site_combn
1
2
3
4
5
6
1 2
1 3
1 4
1 5
1 6
2 3
2 4
2 5
2 6
3 4
3 5
3 6
4 5
4 6
5 6
nonspec_type
2
nonspec_param
-4.1273 9.3956
e
-0.59293
0.35617
0.14319
0.41039
-0.90975
0.17728
0.79552
0.038619
-1.0114
-0.20087
0.24032
-0.039452
-0.2021
0.2021
0.23166
0.11819
-0.34985
0.13047
-0.13047
0.0021757
0.10733
-0.040524
-0.068979
-0.061007
0.03682
-0.046774
0.070961
0.041562
-0.30951
0.055796
0.21215
0.017269
0.16536
0.031502
-0.21413
0.081014
-0.13962
0.058607
-0.0034824
0.035576
-0.032094
-0.048571
0.077837
-0.029266
-0.028961
0.026208
0.0027532
-0.094936
0.094936
0.10536
-0.10536
-0.10772
0.10772
0.09729
-0.09729
-0.039781
0.042253
-0.0024729
0.00051238
-0.02194
0.021428
0.055259
-0.014988
-0.040272
-0.015991
-0.0053254
0.021317
0.030983
-0.030983
-0.010529
0.010529
-0.0099241
0.0099241
-0.010529
0.010529
0.0087484
-0.0053888
-0.0033596
0.020985
-0.010827
-0.010158
-0.030318
0.014825
0.015493
0.00058436
0.0013909
-0.0019753
0.016164
-0.016164
-0.075255
0.075255
0.022253
-0.022253
0.036838
-0.036838
-0.011496
-0.010129
0.021625
0.04196
0.012297
-0.054257
-0.0077627
-0.0048185
0.012581
-0.022702
0.0026511
0.020051
-0.01697
0.01697
0.045014
-0.045014
-0.00088629
0.00088629
-0.027158
0.027158
-0.016262
0.016262
0.026613
-0.026613
-0.010351
0.010351
-0.009894
0.0021943
0.0076997
0.0084604
-0.015716
0.0072557
0.0014336
0.013522
-0.014955
0.0060896
-0.0060896
-0.0047271
0.0047271
-0.0013625
0.0013625
-0.031304
0.029726
0.0015782
0.031304
-0.029726
-0.0015782
0.057987
-0.057987
-0.057987
0.057987
-0.077762
0.077762
-0.022827
0.022827
0.10059
-0.10059
