"ref","1","2","3"
1,0.192,-1.26,0.771
107702,-0.029,0.256,0.345
64284,-0.048,0.327,0.758
59206,-7.69,0.748,0.908
82076,0.035,0.42,0.861
68103,-0.409,0.461,0.713
41896,-0.773,0.607,0.779
99500,0.135,0.561,0.636
79495,-0.059,0.354,0.911
46738,0.038,0.161,0.726
101452,-0.052,-1.741,0.302
100148,0.054,0.279,0.872
72653,-0.01,-1.462,0.652
70653,-0.048,0.123,0.836
37555,-0.039,0.079,0.829
70519,-0.045,-0.24,0.687
27726,NA,NA,NA
13576,-0.874,0.506,0.634
10078,-0.046,NA,NA
10694,0.013,NA,NA
76136,-0.051,-1.089,0.911
26407,-0.254,0.438,0.778
51968,-0.023,0.257,0.909
78028,-0.043,0.42,0.877
12873,-0.011,0.297,0.853
84591,-0.041,0.104,0.673
92298,0.01,0.312,0.884
21932,NA,NA,NA
61411,-0.03,-0.851,0.902
13711,-0.028,0.338,0.799
84461,-0.451,-0.018,0.643
52096,-0.029,0.15,0.916
17629,-0.03,0.264,0.667
93439,-0.033,0.07,0.599
44216,0.009,0.396,0.855
5792,-0.043,-0.133,0.516
8937,-0.329,-0.012,0.848
81527,-0.037,0.374,0.869
32934,-6.385,0.493,0.614
71720,-0.013,-1.099,0.823
56922,-0.041,-0.027,0.622
109103,-11.18,0.591,0.714
52658,-0.041,0.078,0.718
65922,0.049,0.625,0.929
49991,-3.504,0.308,0.745
87201,-0.041,0.045,0.554
93514,-0.046,0.027,0.581
42890,-0.036,0.31,0.868
61581,-5.939,0.608,0.783
22614,0.038,0.474,0.915
43775,0.048,0.773,NA
81312,-0.036,0.626,0.872
36926,0.031,-0.58,0.145
5046,0.017,0.119,0.784
43307,-0.044,0.273,0.801
48772,0.221,-1.19,0.769
84924,-0.683,0.193,0.568
18439,-0.484,0.303,0.834
83478,-0.054,-0.054,0.86
34773,0.146,0.168,0.867
7368,-0.364,-2.453,0.02
89422,-0.658,0.187,0.74
12130,0.009,-0.065,0.881
105976,-0.021,0.546,NA
59530,-1.955,0.449,0.872
21411,-0.086,0.578,0.812
59315,-5.453,0.623,0.768
43606,-0.056,-0.024,0.706
80871,-0.176,-0.96,0.263
103704,-4.802,0,0.621
67495,0.176,0.565,0.848
5955,-1.763,0.628,0.787
101644,-0.045,-0.268,0.904
28539,NA,NA,NA
24853,0.156,0.581,0.862
3682,-0.013,0.311,0.875
43131,-0.023,0.359,0.875
22311,-4.154,0.526,0.832
13389,-0.554,0.641,0.671
30437,-0.276,0.185,0.848
78534,-0.015,-0.174,0.691
12468,-0.097,0.442,0.736
74832,-0.051,-0.523,0.852
63781,0.187,0.516,0.813
73432,-0.075,-0.501,0.668
14644,-0.417,0.277,0.782
2359,-0.741,0.595,0.772
93347,-0.053,0.013,0.555
52729,0.057,-1.24,0.734
25876,-0.061,0.452,0.867
43726,0.271,-3.93,0.764
32707,-0.005,0.514,0.816
46673,0.008,0.294,0.815
73545,-11.664,-0.13,-0.262
59099,0.034,0.089,0.858
36144,-0.027,-0.256,0.541
44443,-0.328,0.368,0.828
84335,-0.397,-0.093,0.794
36981,-0.069,0.044,0.728
57291,-0.331,0.472,0.696
66390,-0.033,0.199,0.661
47538,-0.854,0.191,0.73
57342,0.061,0.636,0.863
58836,-3.981,0.49,0.596
25420,0.054,0.045,0.629
87797,0.033,-0.11,0.875
60318,-0.488,0.431,0.885
21534,0.088,-0.822,0.781
90079,0.102,0.41,0.596
25620,-0.027,0.307,0.684
104281,-0.074,-0.122,0.902
80200,0.018,0.566,0.828
9086,0.017,0.446,0.885
14760,NA,NA,NA
38608,-0.05,0.044,0.694
25858,-0.142,0.622,0.879
17569,-0.499,-0.614,0.813
42929,-0.073,0.594,0.781
19555,0.114,-0.88,0.828
15745,-0.935,-0.941,-0.405
53435,0.104,0.33,0.866
14769,-1.62,0.684,0.504
102180,0.2,-0.021,0.807
32484,NA,NA,NA
20640,-2.231,-4.693,0.591
68091,-2.539,0.526,0.834
73068,-0.112,0.078,0.74
58001,-0.31,0.654,0.789
13105,0.007,0.308,0.856
69442,NA,NA,NA
20641,-3.734,-0.345,0.44
7229,-0.041,0.353,0.849
5998,-4.749,0.513,0.459
30528,-0.055,0.276,0.86
33820,0.01,0.188,NA
16720,0.047,0.648,NA
94099,-0.038,0.264,0.779
59868,0.236,0.323,0.754
62750,-0.189,0.501,0.721
64371,0.171,0.48,0.663
67841,0.073,0.43,0.827
61320,0.029,0.187,0.929
80420,0.099,0.609,0.914
16740,0.034,0.576,0.876
87582,-0.043,0.333,0.871
68383,-3.236,0.625,0.722
62159,-0.025,-0.112,0.892
39783,-0.044,0.077,0.86
40121,-0.023,0.108,0.829
33887,NA,NA,NA
108796,-0.02,0.429,0.841
19597,0.035,0.183,0.792
78940,-0.036,0.622,0.854
75599,-0.059,0.087,0.825
42963,-0.179,0.531,0.895
103486,-0.014,-3.623,0.748
60132,-0.018,0.382,0.906
94224,-0.101,0.093,0.697
106134,-0.603,0.577,0.891
57370,0.096,0.521,0.739
58084,-0.009,-0.328,0.771
107304,0.005,0.125,0.789
19005,-0.126,0.618,0.828
69368,-0.038,-0.012,0.616
98090,-1.238,0.576,0.768
48366,-0.663,0.094,0.842
51977,-0.032,0.161,0.9
68425,-0.223,0.488,0.735
90151,-0.064,0.267,0.807
6548,0.046,0.411,0.869
107731,-1.642,0.637,0.886
74709,-0.045,0.001,0.806
59738,-0.025,0.481,0.872
76531,-0.021,-0.37,0.814
57901,-0.244,-2.288,-0.148
22987,0.009,-0.575,0.78
69123,-31.421,0.193,-16.325
98757,0.019,-0.662,0.567
57448,-0.385,0.641,0.828
94850,-0.04,0.327,0.859
83693,-0.109,0.432,0.731
80908,-0.016,0.14,-0.009
98747,-0.03,-0.899,0.636
54196,-0.18,0.22,0.897
37234,-2.014,0.25,0.511
102668,0.049,0.301,0.881
79344,-0.101,-0.157,0.381
24861,-0.286,0.673,0.715
33335,-5.58,0.593,-0.177
9523,0.195,-0.365,0.802
98442,0.083,0.495,0.799
48090,-1.173,0.562,0.746
106668,-0.044,0.291,0.904
76298,-0.055,-0.282,0.798
108054,-0.037,-1.251,0.912
13219,-1.457,0.019,0.479
89059,-0.04,0.233,0.543
13168,0.03,-0.066,0.819
107486,-0.045,0.164,0.231
187,-1.095,0.276,NA
70015,-1.015,-0.266,0.782
59420,0.09,0.526,0.774
93140,-0.018,0.322,0.696
93218,-2.452,0.431,0.436
7323,0.178,0.581,0.836
88799,-0.087,-0.198,0.695
43986,0.224,-2.758,0.768
107018,0.046,0.442,0.889
99717,-0.284,0.346,0.545
96395,0.002,0.27,NA
102103,0.102,-0.277,0.821
24784,-0.052,0.293,0.908
12712,-0.046,0.205,0.83
4439,-0.037,0.048,0.859
40218,0.1,-0.843,0.74
100336,-2.908,0.456,0.317
79323,-0.575,0.648,0.774
75874,-0.034,-0.742,0.885
102680,-6.449,0.492,0.799
37561,0.008,-1.632,0.799
34531,NA,NA,NA
101619,-0.038,-0.107,0.884
45800,-0.02,0.621,0.883
41515,0.009,0.33,0.818
4083,-0.082,-0.024,0.697
16931,-0.04,0.424,0.89
77102,-0.049,-0.504,0.777
9472,0.062,0.629,0.894
77528,-0.047,0.362,0.888
9112,0.504,0.47,0.869
85612,-0.011,-1.507,0.732
23051,-0.047,0.113,0.759
23069,0.041,-0.239,0.752
108064,-0.005,-1.071,0.893
71041,-0.054,-0.017,0.58
7157,-0.01,0.194,0.844
91483,0.126,0.326,0.651
12380,-0.951,-0.026,-0.117
98453,-0.023,0.215,0.825
89877,-0.238,0.377,0.79
27208,0.078,0.512,0.858
41776,-4.312,0.632,0.618
21004,-0.036,0.413,0.776
65868,-0.043,0.493,0.907
85661,0.032,-0.04,0.861
106901,-0.048,0.603,0.863
67157,-4.457,0.48,0.81
99293,-0.561,0.551,0.76
7364,-0.281,0.315,0.725
91402,-0.194,0.325,0.792
95837,0.021,0.457,NA
4821,-0.063,0.164,0.905
84805,-0.041,-0.003,0.623
54792,-0.072,-0.201,0.415
93464,-0.03,0.034,0.472
49664,-2.638,0.047,0.718
49004,-2.953,0.208,-1.952
25916,-7.641,0.624,0.795
48875,0.009,0.386,0.854
45284,-4.362,-0.624,0.569
88794,-13.386,0.486,-0.254
72113,-0.041,0.175,0.883
71321,-0.026,0.078,NA
103687,-1.722,-0.109,-0.18
68082,-2.497,0.531,0.877
104866,-4.168,-0.02,0.813
75540,-0.098,0.024,NA
99682,-22.829,0.509,0.597
84862,-0.022,0.158,0.703
11716,-0.007,0.459,0.861
94924,-0.561,0.399,0.665
46731,0.018,0.268,0.801
93061,0.107,0.25,0.847
11220,-9.533,0.205,0.686
76981,-0.01,-9.938,0.542
62122,0.179,-0.1,0.749
49738,-0.022,-0.764,0.714
28091,-0.055,0.01,NA
9496,0.014,0.548,0.861
13941,0.002,-1.2,0.589
91775,0.032,0.269,0.758
29891,-0.619,-0.708,0.562
53091,-0.118,0.52,0.656
34302,-0.031,0.065,0.373
52597,-0.044,0.111,0.775
16431,-1.343,0.782,0.914
56727,-0.086,0.012,0.442
84133,-0.031,0.338,0.698
72040,-0.048,0.082,0.827
37677,-0.044,0.085,0.854
80235,-3.1,0.581,0.662
90619,-0.527,0.033,0.656
66909,0.053,0.567,0.869
6791,0.116,-0.186,0.81
18175,-1.393,0.351,0.677
86001,0.068,0.452,0.827
106824,-0.544,0.611,0.789
29829,-0.074,0.188,0.301
45002,0.219,-1.578,0.785
20748,-0.336,-0.751,0.768
3380,NA,NA,NA
74289,-0.068,0.148,0.821
48444,-0.121,0.504,0.923
1546,-2.862,0.239,0.664
46739,-0.392,0.535,0.718
40666,-0.205,0.358,0.26
12870,0.035,0.201,0.798
87711,0.052,-0.886,0.824
40934,0.067,0.585,0.842
35345,-6.01,0.574,0.408
60913,-8.971,0.769,0.865
57417,0.124,0.657,0.894
3037,-2.449,0.624,0.863
2074,0.192,0.642,0.879
33276,-0.062,-2.004,0.84
90547,-4.632,0.001,0.519
38872,-0.008,-0.104,0.77
95350,-0.11,-0.936,0.619
64551,-0.965,0.6,0.949
63700,0.339,0.473,0.861
83355,0.202,-1.587,0.7
68736,-0.049,0.011,0.826
88667,0.217,-16.451,0.538
4508,-0.016,0.091,0.868
86916,-0.004,0.245,0.838
10576,-0.02,0.17,0.612
107110,-0.022,-0.155,0.834
101736,0.316,-1.446,0.764
18479,-14.687,0.618,0.852
94997,0.059,0.531,0.81
35867,-0.038,-0.61,0.826
76833,-0.043,0.096,0.758
60102,0.179,0.61,0.829
35124,-0.628,-0.022,0.695
93292,-0.044,0.09,0.62
6277,0.108,0.708,0.851
49751,0.189,-11.864,0.727
57924,-3.252,0.739,0.834
15563,-6.495,NA,NA
5524,-0.052,0.283,0.516
55046,0.141,0.317,0.833
40955,-0.083,0.517,0.653
81185,-0.127,0.613,0.862
20558,0.108,-0.738,0.797
25737,-0.067,0.324,0.907
50378,-0.865,0.569,0.889
15444,-0.005,-0.1,0.784
77104,-0.075,-0.016,0.668
2665,0.139,-2.529,0.667
11995,0.102,-2.691,0.843
11026,-0.005,-0.103,0.764
88862,-0.014,0.194,0.829
98942,-0.041,0.398,0.583
34390,0.002,-3.484,0.457
69153,-1.772,-3.811,0.597
75087,0.079,0.084,0.737
84712,-0.544,-0.455,0.333
101105,-0.036,-0.725,0.857
20438,-5.669,-0.008,0.385
61768,-0.278,0.582,0.885
41722,0.193,-13.798,0.687
97110,0.124,0.273,0.802
46140,0.036,0.688,0.86
94842,0.007,0.351,0.851
88189,-0.016,0.455,0.877
71953,-0.037,0.014,0.767
54038,-0.027,-0.082,0.645
2772,-0.035,0.096,0.771
42537,0.031,0.339,0.882
96547,0.033,NA,NA
61475,-0.037,-0.757,0.878
15018,-1.015,0.465,0.64
53878,-0.021,0.312,0.767
37345,-0.059,0.233,0.902
86165,-0.044,0.142,0.848
94649,0.008,0.259,0.88
13820,-0.034,0.35,0.853
42469,0.004,0.687,0.872
81436,-0.255,-0.013,0.878
97781,-1.01,0.479,0.61
89986,0.127,-0.166,0.48
8322,0.168,0.572,0.779
15844,-0.012,0.31,0.681
38118,-0.041,0,0.843
76300,-0.035,0.064,0.814
51766,-0.83,0.451,0.848
75475,-0.075,-0.091,0.425
44818,-0.046,0.481,0.866
107032,-0.009,0.435,0.881
5181,0.039,-0.471,0.733
70937,-0.034,0.396,0.824
91435,0.003,0.446,0.815
24492,0.046,0.436,0.909
9092,-0.001,0.693,0.911
38003,-0.049,0.051,0.803
52927,-0.379,0.46,0.801
86320,-0.01,0.29,0.899
13424,-0.073,-0.451,0.639
54118,-0.013,0.221,0.924
55631,-0.03,0.303,0.832
71572,-0.054,0.249,0.74
95752,-0.052,0.079,0.756
29852,0.17,0.196,0.633
44396,-1.176,0.501,0.82
86339,-0.01,0.11,0.842
92555,0.103,0.348,0.756
11615,-0.207,0.31,0.794
80158,-0.052,0.336,0.882
68702,-0.028,0.06,0.828
91876,0.022,-0.288,0.749
58917,-5.136,0.503,0.712
43149,-0.033,0.457,0.864
109338,-0.062,0.377,0.809
79686,-0.186,0.483,0.9
48326,0.012,0.33,0.78
21362,0.072,-1.957,0.8
104254,-0.032,-0.518,0.862
25909,-2.649,0.565,0.751
109492,-0.032,-1.864,0.772
11094,-0.267,0.188,0.774
85872,-0.011,0.532,0.865
87509,-0.005,0.154,0.892
14550,-3.215,-0.471,0.52
17371,-2.557,0.457,0.705
92723,-0.025,0.33,0.839
34387,-0.006,-1.104,0.484
60058,-0.003,0.453,0.902
48369,-0.78,0.508,0.81
68375,-0.555,-1.933,0.69
9963,-0.016,-0.508,0.789
90138,-0.048,0.175,NA
26531,0.043,0.357,0.867
9081,-0.049,0.482,0.911
53517,-0.188,0.617,0.845
16412,-11.165,0.661,0.855
92708,-4.551,0.471,0.605
35908,-0.041,0.151,0.805
16567,-0.139,0.627,0.856
973,-1.246,0.653,0.849
38725,-0.042,-0.286,-0.329
56367,0.233,-9.153,0.584
25898,-0.437,-3.626,0.81
82884,-2.31,-0.042,0.586
103895,0.115,-0.956,0.672
70870,-4.003,0.532,0.598
84414,-0.874,0.251,0.732
18240,-0.188,0.116,0.816
7566,-0.006,0.352,0.842
12494,-0.016,NA,NA
8232,-4.832,0.729,0.849
22543,0.083,0.104,0.821
14937,-0.06,-0.702,0.858
29688,-0.365,-1.047,0.458
31555,-0.017,0.006,0.811
54980,-0.047,-0.002,0.518
33309,-5.228,0.674,0.769
46462,-0.055,0.38,0.845
83109,-0.595,0.473,0.536
6502,-0.557,0.266,0.688
97226,-0.207,0.583,0.719
70932,0.026,0.356,0.833
81088,-0.006,0.26,0.711
104269,-0.585,0.414,0.884
106005,0.238,-0.791,0.754
95692,-0.177,-0.406,0.823
58280,-0.032,0.301,0.636
70108,-0.01,0.178,0.842
85457,-0.036,0.308,0.787
79377,-1.003,0.583,0.779
45907,-0.285,0.39,0.819
77381,-0.034,0.332,0.875
56242,0.013,0.447,0.814
36798,-0.042,-0.039,0.653
37747,-0.038,0.008,0.872
81317,-0.022,0.472,0.888
73021,-0.075,0.075,NA
87312,-0.184,0.484,0.672
66804,0.01,0.233,0.9
71781,-0.006,-0.432,0.882
87728,0.051,0.376,0.869
2502,-0.027,0.229,0.9
47566,-0.008,0.387,0.751
86451,-0.045,0.317,0.851
92633,-0.01,0.048,0.773
46118,-1.6,0.699,0.846
10081,-0.035,NA,NA
49765,0.158,-3.207,0.844
64105,-0.089,0.69,0.856
60275,-1.091,0.755,0.871
55744,-0.088,0.01,0.861
16779,0.132,0.113,0.672
5604,-0.612,0.287,0.518
62012,-2.617,0.71,0.848
10713,-0.056,-0.663,0.659
103482,-1.626,-0.531,0.686
25720,-0.059,0.52,0.875
9540,-0.294,0.502,0.823
82086,0.108,0.495,0.782
76314,-0.062,0.028,0.767
88319,0.024,0.335,0.706
108648,-0.033,-0.031,0.873
