n
4
q_list
20 20 20 20
site_combn
1
2
3
4
1 2
1 3
1 4
2 3
2 4
3 4
nonspec_type
2
nonspec_param
0.001731 6.2287
e
-9.9577
0.4544
1.0585
-2.5747
0.00118
0.37337
-2.2958
-0.019028
1.2534
-0.46524
1.7015
1.658
-1.8932
-3.4786
0.33459
-0.58743
-0.1852
0.059085
1.3857
2.3433
0.8761
0.26253
0.28582
0.033097
-0.78345
0.094491
-1.9093
1.1239
1.0906
0.26013
-0.63556
-0.52095
0.50175
-3.1752
0.042814
0.60809
0.47137
-0.31402
0.94762
1.0443
0.57201
2.6931
3.5529
-2.2543
-2.2069
2.019
5.4234
-1.7557
-1.8859
-1.363
2.126
2.0271
-0.95542
-2.0407
-1.8221
-1.7546
-0.31098
-1.5538
-0.3944
-0.57222
1.0286
4.1969
3.1012
-0.73806
-1.9307
-1.511
4.2454
-2.3501
1.0633
-2.1671
-0.29012
1.4955
-1.2559
-0.46851
-1.6403
-2.8846
1.495
2.5361
2.232
-2.8746
-2.2546
-0.042983
0.04855
-0.04552
0.0034156
-0.047664
-0.13845
-0.13853
0.22304
-0.028318
-0.0227
-0.016513
0.042263
0.00096791
-0.040522
-0.13954
0.16668
0.25541
-0.020665
-0.023218
-0.035711
0.24662
-1.5146
0.23883
0.078856
0.017886
0.26624
-0.091572
-0.073183
0.011465
0.01923
-0.0007182
0.13642
0.50755
0.0094247
-0.0083937
0.034473
0.0012755
-0.025437
0.026729
0.11891
-0.014492
0.35359
-0.017029
0.031907
0.3781
-0.10996
0.46776
-0.099575
-0.13785
-0.19873
0.011979
-0.61013
0.029459
-0.012031
-0.41182
0.0027566
-0.02018
0.0078264
0.0052735
0.34316
0.1204
0.29466
0.14992
0.12095
-0.37872
-0.086374
-0.25629
-0.18761
0.02918
-0.15029
-0.010503
-0.045666
0.54316
0.010144
-0.02057
0.17903
0.29755
0.14394
-0.16688
-0.58604
0.004107
-0.18113
-0.41776
-0.29046
0.65111
-0.15556
-0.069893
0.13827
-0.045424
0.17143
0.053262
-0.24845
-0.26763
-0.24996
0.11717
-0.2084
-0.17901
-0.01638
0.36611
0.82859
-0.41448
-0.071986
-0.19415
-0.32361
-0.0086448
-0.11503
0.59615
0.67445
-0.0049026
0.00071569
0.0069033
0.22687
0.024384
-0.017106
-0.18286
-0.0023186
-0.025256
-0.15703
0.00019827
-0.012295
-0.14885
0.10267
-0.12257
0.19367
-0.088325
-0.45087
0.0015039
0.23241
0.17136
0.28047
0.27016
-0.092554
-0.72888
0.16774
0.085786
-0.19137
0.14432
0.20356
-0.13455
0.10432
0.23339
0.15786
0.25126
-0.052845
-0.34169
0.83896
-0.25836
-0.4715
-0.12967
-0.20863
-0.30849
0.24881
0.81969
-0.10757
0.010434
0.11764
-0.29643
-0.38547
0.17523
-0.29263
0.018277
0.21829
0.043871
0.25069
0.051635
-0.44316
-0.077336
0.053197
0.10826
0.079641
0.072879
-0.13625
-0.36292
0.23513
0.043828
0.017261
0.237
0.16947
-0.43041
-0.14934
-0.023831
-0.12067
-0.035404
-0.072365
-0.011535
0.44913
-0.36775
-0.046203
0.023564
0.0036609
0.0026389
0.078279
0.1686
-0.027844
0.15709
-0.091169
-0.23844
-0.11336
0.27158
-0.0059794
-0.016695
-0.13525
-0.043203
-0.067934
-0.19539
0.51652
-0.36325
-0.23301
-0.026001
-0.020383
0.02913
0.04458
0.811
-7.6565e-05
0.10575
-0.015155
-0.096051
-0.11978
0.066944
-0.24173
-0.14675
0.016605
0.29465
-0.028529
-0.064006
-0.21895
0.11464
0.34562
-0.073331
-0.054645
-0.13014
0.17005
-0.056997
-0.072467
-0.28687
-0.075371
-0.080616
0.30458
-0.25868
0.3012
-0.054378
0.037155
-0.056916
-0.00798
-0.043456
-0.14985
0.81977
-0.13453
-0.039714
-0.034096
-0.027908
0.030867
-0.010428
-0.051918
-0.065645
-0.03713
-0.060067
-0.03206
-0.034613
-0.047107
0.012458
0.12603
0.00992
0.22828
-0.34153
-0.088524
-0.15094
-0.10147
0.115
0.045301
0.069869
-0.078346
0.056408
0.12235
-0.00070038
0.029706
0.1866
0.078503
-0.21647
-0.10245
-0.04738
0.18608
0.014574
0.13237
-0.10924
-0.26333
-0.0095773
0.094064
0.10064
0.10625
0.11244
-0.048492
-0.35772
0.18723
0.074704
-0.014114
0.080283
0.19936
-0.15679
-0.28135
0.020611
0.16308
0.24104
0.05755
0.056412
-0.43674
0.21209
-0.068996
-0.13089
-0.1358
-0.081194
0.022835
0.055102
0.0066831
-0.22339
-0.010657
-0.039748
0.035177
0.10975
0.14707
-0.069377
0.12045
0.02638
0.075316
0.17921
-0.06655
-0.03838
-0.12557
0.043582
-0.089922
0.12954
0.11416
0.072868
0.031378
0.017651
0.13132
0.167
-0.064205
-0.39758
-0.25728
0.1957
0.14058
0.21292
-0.12237
-0.19015
0.63797
-0.054734
-0.42098
-0.18367
-0.19438
-0.19896
0.27611
0.86106
-0.16631
-0.02558
0.14977
-0.19347
-0.40288
-0.018417
-0.30222
0.16135
-0.046425
-0.22596
-0.14003
0.28613
0.17294
-0.25824
-0.11989
0.15241
0.1123
-0.11434
0.058842
-1.3155
-0.039664
0.51747
0.033831
-0.11337
-0.01742
0.67632
0.21919
-0.033704
0.10446
-0.32486
-0.066892
0.19987
-0.15841
-0.077077
0.32145
0.044318
0.29057
0.12996
-0.1902
-0.85023
0.01539
0.2355
-0.21679
-0.026791
0.21228
0.13947
0.25169
-0.22655
0.62083
0.11165
0.11165
0.12736
-1.2428
0.11165
0.039147
0.10443
0.19867
0.05501
-0.08184
0.11165
0.11165
-0.0086181
-0.15606
0.11165
-0.10102
-0.027655
0.029217
0.45881
-2.3696
0.11014
0.11014
0.43181
-0.2426
0.11014
0.037641
0.10292
-0.35467
0.32315
-0.083347
0.11014
0.11014
-0.010124
0.66176
0.11014
0.38484
-0.029161
0.027711
-0.5509
0.21858
0.07937
0.07937
-0.18519
0.31343
0.07937
0.0068698
0.072151
0.052604
0.022733
-0.11412
0.07937
0.07937
-0.040895
-0.075194
0.07937
-0.13329
-0.059932
-0.0030595
-0.42591
0.44191
-0.08771
-0.08771
-0.44503
-0.095442
-0.08771
-0.16021
-0.094928
1.2483
0.014326
-0.2812
-0.08771
-0.08771
-0.20797
-0.99325
-0.08771
2.2159
-0.22701
-0.46322
0.9579
-0.82563
0.028992
0.028992
0.057855
0.82417
0.028992
-0.043509
0.021773
0.41982
0.42141
-1.1761
0.028992
0.028992
-0.091273
0.0097223
0.028992
-0.44215
0.67228
-0.98018
-0.44483
-0.52971
-0.10663
-0.10663
2.0963
-0.032346
-0.10663
-0.17913
-0.11385
-0.74066
-0.16326
-0.30011
-0.10663
-0.10663
-0.22689
-0.26119
-0.10663
-0.31929
-0.24593
2.1007
0.18237
0.23372
0.094509
0.094509
-0.34013
0.40223
0.094509
0.022009
0.08729
0.21635
0.037871
-0.22888
0.094509
0.094509
-0.025756
-0.16321
0.094509
-0.11815
-0.044793
-0.82797
1.6808
-0.041131
-0.19531
-0.19531
-0.49876
0.23186
-0.19531
-0.26781
-0.20253
-0.51857
-0.44373
0.45435
-0.19531
-0.19531
-0.31557
1.4778
-0.19531
0.22739
-0.33461
-0.27774
-0.85268
0.65626
0.045278
0.045278
-0.21928
0.61787
0.045278
-0.027223
0.038059
0.13512
-0.60346
-0.14821
0.045278
0.045278
-0.074988
-0.48282
0.045278
-0.16739
-0.094025
0.9511
0.31269
-0.014096
-0.068741
-0.068741
-0.3333
-0.40899
-0.068741
-0.10583
-0.07596
0.40087
0.71462
0.32655
-0.068741
-0.068741
0.32998
0.22757
-0.068741
-0.60245
-0.20804
-0.15117
0.23275
-0.095162
-0.074734
-0.074734
-0.48797
-0.77528
-0.074734
-0.14723
-0.081953
-0.014069
0.4743
1.6485
-0.074734
-0.074734
-0.195
0.5679
-0.074734
-0.46059
-0.21404
-0.0037744
-0.32248
1.1568
0.015724
0.015724
-0.44476
0.73549
0.015724
-0.056776
0.0085052
-0.32182
-0.040913
-0.17776
0.015724
0.015724
-0.10454
-0.13884
0.015724
-0.19694
-0.12358
-0.066706
-0.26545
0.21196
0.072755
0.072755
-0.1918
0.14704
0.072755
0.00025503
0.065537
0.045989
0.016118
-0.12073
0.072755
0.072755
-0.04751
-0.081809
0.072755
-0.13991
-0.066547
-0.0096743
-0.80955
0.18235
0.040444
0.040444
-0.033311
-0.12031
0.040444
-0.032057
0.033225
0.047164
-0.31783
-0.15304
0.040444
0.040444
-0.079822
-0.11988
0.040444
0.69941
-0.098859
0.55985
-0.95342
0.359
0.08009
0.08009
-0.18447
0.77002
0.08009
0.0075892
0.072871
-0.3216
-0.63158
-0.1134
0.08009
0.08009
-0.040176
-0.099662
0.08009
-0.13257
-0.059213
0.84607
-0.51907
0.47047
0.074638
0.074638
-0.18992
0.4255
0.074638
0.0021374
0.067419
-0.91592
-0.32149
1.3208
0.074638
0.074638
-0.045628
-0.079927
0.074638
-0.24392
-0.064665
-0.35363
0.44335
0.1938
0.054596
0.054596
-0.66902
0.52166
0.054596
-0.017905
0.047377
-0.93547
-0.98896
1.5138
0.054596
0.054596
-0.06567
-0.099969
0.054596
-0.15807
-0.084707
-0.027834
1.5051
-0.1295
-0.086415
-0.086415
-0.08443
0.10179
-0.086415
-0.24134
-0.093633
-0.37152
-0.11439
-0.2799
-0.086415
-0.086415
-0.35067
1.1447
-0.086415
-0.11123
-0.31147
-0.14499
-0.99798
-0.34162
-0.2185
-0.2185
1.3108
-2.0451
-0.2185
1.206
-0.081338
1.1499
1.0565
-0.59446
-0.2185
-0.2185
1.6916
-1.2168
-0.2185
-0.017796
0.49219
-0.30093
0.59498
-0.39922
0.029846
0.029846
0.28329
-0.12821
0.029846
-0.042655
0.022627
0.57953
0.48959
-1.4109
0.029846
0.029846
-0.09042
-0.12089
0.029846
-0.18282
1.1298
-0.90376
-0.18583
0.018627
0.021216
-0.013245
0.11919
-0.093235
0.024832
0.085454
-0.13118
0.60348
-0.14319
-0.040049
-0.12316
-0.0088657
0.021216
-0.30133
0.50298
0.0037197
-0.17759
-0.18303
-0.31404
-0.36702
-0.064764
-0.099224
0.15781
-0.099332
-0.19508
0.26621
2.8307
-0.21243
-0.37703
0.21484
-0.20914
-0.13513
-0.064764
-0.88021
-0.052463
-0.08226
-0.047705
-0.26901
-0.54827
-0.15062
-0.14803
-0.18249
-0.050057
-0.26248
-0.14441
-0.083791
-0.30042
1.8568
2.3338
-0.20929
-0.2924
-0.17811
-0.14803
-0.47058
-0.15699
-0.16553
-0.34684
-0.35227
0.52304
-0.37284
-0.0038472
-0.038308
0.094125
0.23206
-0.00023032
0.53529
-0.15624
0.74918
0.2782
-0.25171
-0.42131
-0.033929
-0.0038472
-0.3264
-0.012805
-0.3797
-0.20266
-0.20809
1.259
0.5838
-0.14515
-0.17961
-0.85385
1.1778
-1.0126
-1.3259
-0.29754
-1.4063
-1.1302
0.84952
0.78474
-1.2915
-0.14515
1.944
1.2216
0.66067
-0.34396
-0.34939
-0.65174
-0.24726
-0.019001
-0.053461
0.078971
-0.13345
-0.015384
0.045237
-0.1714
-0.076432
0.27113
-0.080266
-0.16337
-0.049082
-0.019001
-0.34155
0.71521
-1.3404
2.4745
-0.22324
0.20902
-0.0080735
-0.0054854
-0.039946
-0.075784
0.47236
-0.20942
-0.73833
-0.15788
-0.49954
-0.39605
0.62738
-0.14986
-0.35222
-0.0054854
1.3431
0.33549
-0.09487
-0.044668
-0.20973
0.13683
0.17462
0.076617
0.73136
0.41783
0.25751
-0.68767
0.12
-0.075778
-0.4248
-0.43087
0.47958
-0.067755
0.046536
0.076617
0.53096
-0.074636
0.16368
-0.95055
-0.50008
-0.070076
0.11768
0.12027
0.085807
0.35248
0.0058168
0.12388
0.4581
-0.032128
0.54725
0.49625
-0.85767
-0.024105
0.79158
0.12027
-1.3695
-0.7669
0.28412
-0.24191
-0.14119
0.43109
0.13885
0.076993
0.042532
-0.59761
0.0083581
-1.0667
0.15871
-0.075403
-0.70623
-0.66801
-0.053882
1.0806
-0.1018
0.076993
0.52255
0.39062
0.36647
-0.12182
0.097722
-0.070484
0.024732
0.07114
0.03668
-0.36919
-0.3359
0.084307
0.47431
-0.081255
-0.38056
-0.63821
0.25708
-0.14502
0.046953
0.07114
0.74434
0.062182
0.12015
-0.18473
0.21234
-0.29064
0.032142
0.03473
0.00026971
0.1327
-0.16709
0.038347
0.098968
-0.11767
0.93201
0.76608
-0.026535
-0.10964
0.0046487
0.03473
-0.47938
-0.71773
-0.36347
0.36704
-0.16951
-0.052164
0.086873
0.089461
0.055
0.18743
-0.3249
0.093078
0.1537
-0.062934
0.03203
-0.074944
0.028196
-0.054912
0.059379
0.089461
-0.23309
0.080503
0.071965
-0.10935
-0.11478
0.055667
0.0042586
0.0068467
-0.027614
0.070385
0.15177
0.28829
0.071085
-0.14555
0.05472
0.30125
-0.40775
-0.13753
0.8502
0.0068467
-0.4524
0.38222
-0.075139
-0.80017
-0.1974
-0.35315
0.23018
0.21068
0.17622
0.31266
-0.19335
0.27514
0.60002
0.058286
0.40962
0.47602
-0.48309
0.066308
1.0166
0.21068
-1.3769
-1.1331
0.19319
-0.57015
-0.12596
-0.51219
-0.46073
-0.02269
-0.057151
0.22902
-0.26807
2.0632
-0.3161
-0.17509
-0.061274
0.03193
-0.083955
-0.16706
0.55673
-0.02269
-0.34524
-0.63949
-0.65313
-0.39836
1.3023
-0.2835
0.13221
0.054527
0.020067
-0.26256
-0.059924
0.76687
0.21106
-0.097868
0.25642
-0.059069
-0.0067381
-0.089846
0.024446
0.054527
-0.40705
-0.37211
0.41254
-0.14428
-0.14972
0.16952
0.015543
0.018131
-0.01633
0.30629
0.32312
-0.5975
-0.21192
-0.13426
-0.44631
-0.33661
0.55753
0.8885
-0.31785
0.018131
0.19398
0.009173
0.00063484
-0.050053
-0.3897
-0.24414
-0.31101
-0.11721
-0.15167
-0.047697
-1.1363
0.65133
0.063508
-0.2696
-0.47842
-0.28161
0.064142
-0.2662
-0.14729
-0.11721
0.099516
-0.43982
0.24665
1.3582
1.5249
0.7921
0.35803
-0.25444
-0.2889
-0.20213
0.44527
-0.48023
-0.66562
-0.40684
-0.74926
-0.41885
-0.57732
-0.39881
-0.78139
-0.25444
1.6052
0.66602
0.63068
0.53512
0.44586
-0.15375
-0.030836
0.0040038
0.0040038
0.3354
0.094348
0.0040038
-0.0098999
0.0040038
0.090473
-0.056066
-0.3756
0.0040038
0.0040038
-0.06891
-0.23302
0.0040038
0.11376
-0.080405
0.34648
-0.37929
-1.0896
-0.016316
-0.016316
0.41585
-0.14413
-0.016316
-0.030219
-0.016316
-0.016764
-0.12773
0.039943
-0.016316
-0.016316
0.076397
-0.0213
-0.016316
0.24096
0.3716
0.77847
-0.2588
-0.12282
-0.007816
-0.007816
-0.25341
-0.58379
-0.007816
-0.02172
-0.007816
-0.0082647
-0.0084843
0.3625
-0.007816
-0.007816
0.22852
0.066223
-0.007816
0.066673
0.64339
-0.055306
-0.36634
-0.3243
0.045501
0.045501
0.17411
-0.28978
0.045501
0.031598
0.045501
-0.12215
0.064014
0.10176
0.045501
0.045501
0.13821
0.16431
0.045501
-0.17908
-0.038908
0.32804
0.80103
0.50454
-0.081218
-0.081218
-0.57898
1.2527
-0.081218
-0.095122
-0.081218
-0.081667
0.32425
-0.49683
-0.081218
-0.081218
-0.26577
-0.70256
-0.081218
0.71744
-0.27358
-0.53692
0.20843
0.37701
0.075026
0.075026
-0.19487
-0.048977
0.075026
0.061122
0.075026
0.23177
-0.28832
-0.15447
0.075026
0.075026
0.16774
-0.76
0.075026
-0.14956
-0.0093831
0.034336
0.025393
-0.16454
0.0098215
0.0098215
-0.21137
0.17352
0.0098215
-0.015032
0.0098215
-0.27576
-0.039563
0.32403
0.0098215
0.0098215
0.12331
0.30987
0.0098215
0.12494
-0.44591
0.0023648
-0.034813
-0.15758
0.025138
0.025138
0.12851
-0.74132
0.025138
0.011234
0.025138
0.010438
-0.085794
0.33063
0.025138
0.025138
0.41717
0.34991
0.025138
-0.37819
-0.059271
0.033114
0.013281
-0.039137
0.032979
0.032979
-0.059961
-0.25215
0.032979
0.019075
0.032979
0.050016
-0.016406
0.41952
0.032979
0.032979
0.19934
0.41876
0.032979
-0.53773
-0.05143
-0.39404
-0.059708
0.047849
0.0075232
0.0075232
0.21105
-0.33559
0.0075232
-0.0063805
0.0075232
0.0070745
0.12403
0.040748
0.0075232
0.0075232
0.10024
0.15169
0.0075232
-0.22361
-0.076886
-0.033167
-0.045275
-0.18762
0.014676
0.014676
-0.071245
-0.014574
0.014676
0.00077195
0.014676
0.014227
0.16375
0.070934
0.014676
0.014676
0.10739
0.32736
0.014676
-0.20991
-0.069733
-0.18881
0.098466
0.18365
-0.066469
-0.066469
-0.32365
-0.19428
-0.066469
-0.080373
-0.066469
-9.8705e-05
-0.11641
0.35479
-0.066469
-0.066469
-0.012165
0.2877
-0.066469
-0.023327
0.75246
-0.46147
-0.44149
0.67464
-0.0036236
-0.0036236
0.085472
0.68564
-0.0036236
-0.017527
-0.0036236
-0.0040724
-0.57947
0.052635
-0.0036236
-0.0036236
0.089089
-0.15899
-0.0036236
-0.22821
-0.088033
-0.044314
-0.19601
-0.13715
0.025941
0.025941
-0.0041239
-0.4075
0.025941
0.012037
0.025941
-0.14289
0.077202
0.63339
0.025941
0.025941
0.13071
0.33297
0.025941
-0.40699
-0.058468
-0.014749
-0.011635
0.045727
-0.010028
-0.010028
-0.040093
-0.27796
-0.010028
-0.023932
-0.010028
0.19147
0.077654
0.34037
-0.010028
-0.010028
0.072473
0.41258
-0.010028
-0.34832
-0.094437
-0.2737
-0.034416
-0.046582
0.025534
0.025534
0.34617
-0.089272
0.025534
0.011631
0.025534
0.058687
-0.029095
-0.24928
0.025534
0.025534
-0.39581
-0.14809
0.025534
0.051575
0.016879
0.32887
-0.17263
-0.22039
0.040118
0.040118
0.15044
-0.061358
0.040118
0.026214
0.040118
-0.28344
-0.14322
0.096377
0.040118
0.040118
0.13283
0.15893
0.040118
-0.18447
-0.044291
0.26417
-0.12773
-0.26886
-0.01917
-0.01917
0.21581
-0.54999
-0.01917
-0.033073
-0.01917
-0.17731
-0.068554
0.18463
-0.01917
-0.01917
0.48472
0.29354
-0.01917
-0.29405
0.19195
0.2831
0.22248
0.31048
0.076074
0.076074
0.35367
0.48167
0.076074
0.35119
0.076074
0.6364
0.37138
-1.2591
0.076074
0.076074
-1.3423
-1.1371
0.076074
0.61186
-0.16848
0.035384
0.91279
0.6455
-0.1777
-0.1777
-0.67876
1.3028
-0.1777
-0.1916
-0.1777
-0.17814
0.35683
-0.81696
-0.1777
-0.1777
-0.38312
-0.1128
-0.1777
1.2362
-0.41706
-0.43185
0.39226
0.13776
0.038418
0.038715
-0.083616
0.14006
-0.17159
-0.087859
0.043062
-0.040873
0.1383
-0.077719
-0.23484
-0.33507
0.038418
0.10199
0.27237
0.056759
-0.40244
0.035908
-0.014192
-0.48944
0.045054
0.045351
-0.089986
-0.10763
-0.071001
0.072926
0.049698
0.13802
0.045888
-0.071083
0.058189
-0.013467
0.045054
0.15212
0.13117
-0.0058524
-0.053272
0.13247
0.080034
0.035528
0.024535
0.024832
-0.23194
-0.10431
-0.09152
0.051949
0.029178
-0.44864
-0.60847
-0.48568
0.03767
-0.033986
0.024535
0.17712
-0.016634
0.022283
0.55462
0.9589
-0.10398
0.13481
0.001773
0.00207
0.0057845
-0.073989
-0.11428
-0.020853
0.0064165
-0.044883
0.22999
-0.11448
0.014908
-0.056748
0.001773
0.21227
0.087886
-0.0055062
-0.096553
-0.066396
-0.75353
-0.27804
-0.047654
-0.047357
0.10653
-0.22896
0.57308
0.064601
0.0044825
0.19764
-0.0039024
1.1224
-0.034518
0.35429
-0.047654
-0.40844
-0.63
-0.049905
0.45019
-0.34319
0.50013
-0.1727
0.03034
0.030637
0.34894
0.3819
-0.085714
0.0077146
0.034984
0.062133
0.13967
-0.085797
0.043475
-0.02818
0.03034
-0.35096
-0.64225
-0.13885
-0.067986
-0.037829
-0.049083
-0.10709
-0.03586
-0.035563
-0.041459
-0.14245
-0.046815
-0.058485
-0.031216
0.051516
0.024101
0.2601
-0.022725
-0.09438
-0.03586
-0.11632
0.028039
-0.051857
0.60944
-0.10403
-0.13631
-0.026662
-0.030849
-0.030552
-0.19915
-0.15097
-0.1469
0.097544
-0.026205
-0.12455
-0.12084
0.2433
0.40914
0.16582
-0.030849
0.26689
0.15639
0.090899
-0.12918
-0.27696
0.067247
0.13093
0.0042784
0.0045754
-0.037406
-0.002141
-0.11178
-0.018347
0.0089219
-0.031596
0.24802
-0.56155
0.20498
-0.054242
0.0042784
0.13913
0.32124
0.092741
-0.32534
-0.083942
-0.13507
0.13658
0.022822
0.023119
-0.1386
0.13832
-0.093233
-0.02789
0.027466
-0.0075547
0.070805
-0.093315
0.035957
-0.035699
0.022822
0.037714
0.10893
0.027665
-0.075504
-0.045347
-0.1447
0.12271
0.004186
0.004483
-0.010031
-0.18667
-0.11187
-0.01844
0.0088295
0.16448
0.34902
-0.19417
0.017321
-0.054335
0.004186
0.017975
0.18935
-0.0041966
-0.094141
-0.063983
0.20204
-0.041075
-0.039242
-0.038945
-0.17961
0.10466
-0.1553
-0.061867
-0.034598
-0.27107
-0.20311
-0.49433
-0.026106
-0.097762
-0.039242
0.1661
0.35559
-0.041493
0.056563
0.83879
1.2663
0.85421
-0.075274
-0.074977
-0.69045
0.67881
-0.19133
-0.0979
-0.070631
-0.2643
-0.60961
-0.19141
-0.062139
-0.1338
-0.075274
-0.048605
-0.059058
0.16246
-0.1736
-0.14344
-0.13283
0.033682
0.057063
0.05736
0.042846
-0.15391
-0.058991
0.034438
0.061707
0.033286
0.25338
-0.46279
0.070198
-0.0014575
0.057063
0.19378
0.19737
-0.017361
-0.25372
-0.011106
0.083356
0.043545
0.039358
0.039655
0.025141
0.060602
-0.076697
0.016732
0.044001
0.03955
0.13091
-0.50907
0.16609
-0.18233
0.039358
0.066027
0.41687
0.040872
-0.45515
-0.028811
0.35233
0.099425
0.014798
0.015095
0.00058102
0.045657
-0.13158
-0.20373
0.019442
-0.021076
0.13567
-0.10134
-0.27423
-0.2375
0.014798
-0.0044896
0.10093
0.021831
-0.083528
0.23692
-0.1281
0.044302
0.021835
0.022132
0.17942
-0.11098
-0.09422
-0.0007912
0.026478
-0.062784
-0.17175
0.096502
0.03497
-0.036686
0.021835
0.15314
0.10795
0.019583
-0.076492
-0.046335
-0.13404
0.015454
-0.021203
-0.020906
-0.03542
-0.13517
-0.13726
0.10723
-0.01656
-0.11418
-0.065987
0.18825
0.36977
0.11877
-0.021203
0.25379
0.17481
0.10262
-0.25313
-0.37564
-0.502
-0.40853
0.042254
0.03661
0.89014
0.050404
0.51536
0.019628
0.046897
0.56748
0.30234
0.39091
-0.7246
0.13175
0.042254
-0.58922
-0.68316
-0.2978
0.40147
-0.23219
-0.70987
-0.26538
-0.096633
-0.096336
0.13829
-0.20322
0.80164
0.1234
-0.23235
0.1774
-0.28442
1.1413
-0.083498
0.62501
-0.096633
-0.42001
-0.61779
-0.024893
0.46774
-0.34377
0.94406
0.37578
-0.17165
-0.17165
0.96555
-0.56119
-0.26294
0.057683
-0.17165
2.7777
1.5729
-1.0837
-1.3245
-0.24158
-0.17165
0.73952
-0.89713
-1.4613
-0.34873
-0.56554
1.2708
0.18375
-0.036359
-0.036359
-0.2834
0.1073
-0.12765
0.68077
-0.036359
0.87338
0.7604
-0.68941
-1.1005
-0.10629
-0.036359
0.26657
-0.65722
-0.3894
-0.21344
-0.43025
-0.10291
-0.01436
0.16341
0.16341
-0.083632
-0.22614
0.072115
0.16456
0.16341
-0.19122
0.17611
0.12584
0.025098
0.093475
0.16341
-0.02675
-0.22624
-0.19542
-0.013673
-0.23049
-0.10291
-0.01436
0.16341
0.16341
-0.083632
-0.22614
0.072115
0.16456
0.16341
-0.19122
0.17611
0.12584
0.025098
0.093475
0.16341
-0.02675
-0.22624
-0.19542
-0.013673
-0.23049
0.46017
0.47643
-0.32377
-0.32377
-0.57081
1.789
-0.41506
-1.0522
-0.32377
-0.6784
-2.2717
0.24195
1.6307
-0.3937
-0.32377
-0.51393
1.7763
2.0348
-0.50085
-0.71767
-2.5416
-0.9047
-0.33659
-0.33659
2.9729
-4.5333
1.398
-0.33544
-0.33659
2.0594
1.0065
1.5587
-2.031
0.99216
-0.33659
-0.67107
-1.4373
-0.69542
3.028
1.4805
-0.10291
-0.01436
0.16341
0.16341
-0.083632
-0.22614
0.072115
0.16456
0.16341
-0.19122
0.17611
0.12584
0.025098
0.093475
0.16341
-0.02675
-0.22624
-0.19542
-0.013673
-0.23049
-1.0574
-0.05398
0.12379
0.12379
-0.12325
1.4415
0.032495
0.12494
0.12379
-0.23084
0.13649
0.086224
-0.014522
0.053855
0.12379
-0.06637
-0.26586
-0.23504
-0.053293
-0.27011
-0.10291
-0.01436
0.16341
0.16341
-0.083632
-0.22614
0.072115
0.16456
0.16341
-0.19122
0.17611
0.12584
0.025098
0.093475
0.16341
-0.02675
-0.22624
-0.19542
-0.013673
-0.23049
0.47496
1.4042
-0.3298
-0.3298
-0.57684
1.8512
-0.4211
-1.2706
-0.3298
-0.91076
-2.4568
-0.36737
2.1933
-0.39974
-0.3298
-0.082954
2.2445
0.86771
-0.50689
-0.7237
0.4314
0.024882
-0.014284
-0.014284
-0.26132
0.47214
-0.10558
0.69126
-0.014284
-0.36891
-0.0015845
-0.34669
-0.1526
-0.084218
-0.014284
0.35981
0.37121
-0.37311
-0.19137
-0.40818
1.0275
-0.53344
0.08038
0.08038
-0.16666
0.69728
-0.010914
0.081527
0.08038
-0.27425
0.093079
0.042815
-0.057931
0.010446
0.08038
-0.10978
-0.43255
-0.27845
-0.096702
-0.31351
-0.10291
-0.01436
0.16341
0.16341
-0.083632
-0.22614
0.072115
0.16456
0.16341
-0.19122
0.17611
0.12584
0.025098
0.093475
0.16341
-0.02675
-0.22624
-0.19542
-0.013673
-0.23049
-0.10291
-0.01436
0.16341
0.16341
-0.083632
-0.22614
0.072115
0.16456
0.16341
-0.19122
0.17611
0.12584
0.025098
0.093475
0.16341
-0.02675
-0.22624
-0.19542
-0.013673
-0.23049
1.0994
-0.057743
0.12003
0.12003
-0.12701
-0.6476
0.028732
0.12117
0.12003
-0.2346
0.13273
0.082461
-0.018285
0.050092
0.12003
-0.070133
-0.26962
-0.2388
-0.057056
-0.27387
1.664
0.45964
0.03049
0.03049
-0.21655
-1.3088
-0.060804
0.031637
0.03049
-0.32414
0.043189
-0.0070753
-0.10782
-0.039444
0.03049
1.215
-0.63247
-0.32834
-0.14659
-0.3634
-0.10111
-0.012559
0.16521
0.16521
-0.081831
-0.26036
0.073916
0.16636
0.16521
-0.18942
0.17791
0.12764
0.026899
0.095276
0.16521
-0.024949
-0.22444
-0.19362
-0.011872
-0.22868
-0.9082
-0.14059
0.037182
0.037182
-0.20986
1.5129
-0.054112
0.038329
0.037182
-0.31745
0.049881
-0.00038353
-0.10113
-0.032752
0.037182
-0.15298
0.3706
0.29358
-0.1399
-0.35671
-1.7715
-0.39411
-0.21634
-0.21634
-0.46338
-0.60589
-0.30764
-0.2152
-0.21634
-0.57097
-0.20364
-0.25391
-0.35466
-0.28628
-0.21634
-0.4065
0.31735
1.7185
-0.39343
5.0567
-0.37506
-0.74141
-0.10873
-0.10873
-0.35577
1.4025
-0.20003
-0.10759
-0.10873
-0.46336
-0.096033
-0.1463
1.2613
-0.17867
-0.10873
-0.32174
1.094
0.45144
-0.28581
-0.50263
