n
4
q_list
20 20 20 20
site_combn
1
2
3
4
nonspec_type
2
nonspec_param
-0.0092391 10.316
e
-6.9829
0.037976
0.15751
-1.4592
0.2724
1.2135
-1.494
0.064658
0.96147
-0.49085
1.2854
0.85024
-1.2968
-1.8742
0.027943
-0.7871
-0.64153
-0.41141
1.0472
1.4193
1.1177
0.39144
0.022867
-0.15443
-0.75675
0.0914
-0.87447
0.52426
0.52959
0.17222
-0.42961
-0.51787
0.38453
-1.4532
-0.13703
0.53456
0.39129
-0.4789
0.43063
0.87079
0.45866
2.0901
2.3603
-1.1147
-1.0702
1.9693
1.8952
-0.99461
-0.99461
-0.99461
2.2365
1.6182
-0.99461
-1.1012
-0.99461
-0.99461
-0.10792
-1.0599
-0.99461
-0.99461
0.24121
2.4428
1.5863
-0.30192
-1.2193
-0.30192
2.2697
-1.0574
-0.15679
-1.1967
-0.086392
0.61972
-0.5457
-0.81707
-1.1019
-1.3
0.66793
1.3311
0.93299
-0.73008
-1.0352
