n
16
q_list
2 2 2 2 2 2 2 2 2 2 2 2 2 2 2 2
site_combn
1
2
3
4
5
6
7
8
9
10
11
12
13
14
15
16
1 2
1 3
1 4
1 5
1 6
1 7
1 8
1 9
1 10
1 11
1 12
1 13
1 14
1 15
1 16
2 3
2 4
2 5
2 6
2 7
2 8
2 9
2 10
2 11
2 12
2 13
2 14
2 15
2 16
3 4
3 5
3 6
3 7
3 8
3 9
3 10
3 11
3 12
3 13
3 14
3 15
3 16
4 5
4 6
4 7
4 8
4 9
4 10
4 11
4 12
4 13
4 14
4 15
4 16
5 6
5 7
5 8
5 9
5 10
5 11
5 12
5 13
5 14
5 15
5 16
6 7
6 8
6 9
6 10
6 11
6 12
6 13
6 14
6 15
6 16
7 8
7 9
7 10
7 11
7 12
7 13
7 14
7 15
7 16
8 9
8 10
8 11
8 12
8 13
8 14
8 15
8 16
9 10
9 11
9 12
9 13
9 14
9 15
9 16
10 11
10 12
10 13
10 14
10 15
10 16
11 12
11 13
11 14
11 15
11 16
12 13
12 14
12 15
12 16
13 14
13 15
13 16
14 15
14 16
15 16
1 2 3
1 2 4
1 2 5
1 2 6
1 2 7
1 2 8
1 2 9
1 2 10
1 2 11
1 2 12
1 2 13
1 2 14
1 2 15
1 2 16
1 3 4
1 3 5
1 3 6
1 3 7
1 3 8
1 3 9
1 3 10
1 3 11
1 3 12
1 3 13
1 3 14
1 3 15
1 3 16
1 4 5
1 4 6
1 4 7
1 4 8
1 4 9
1 4 10
1 4 11
1 4 12
1 4 13
1 4 14
1 4 15
1 4 16
1 5 6
1 5 7
1 5 8
1 5 9
1 5 10
1 5 11
1 5 12
1 5 13
1 5 14
1 5 15
1 5 16
1 6 7
1 6 8
1 6 9
1 6 10
1 6 11
1 6 12
1 6 13
1 6 14
1 6 15
1 6 16
1 7 8
1 7 9
1 7 10
1 7 11
1 7 12
1 7 13
1 7 14
1 7 15
1 7 16
1 8 9
1 8 10
1 8 11
1 8 12
1 8 13
1 8 14
1 8 15
1 8 16
1 9 10
1 9 11
1 9 12
1 9 13
1 9 14
1 9 15
1 9 16
1 10 11
1 10 12
1 10 13
1 10 14
1 10 15
1 10 16
1 11 12
1 11 13
1 11 14
1 11 15
1 11 16
1 12 13
1 12 14
1 12 15
1 12 16
1 13 14
1 13 15
1 13 16
1 14 15
1 14 16
1 15 16
2 3 4
2 3 5
2 3 6
2 3 7
2 3 8
2 3 9
2 3 10
2 3 11
2 3 12
2 3 13
2 3 14
2 3 15
2 3 16
2 4 5
2 4 6
2 4 7
2 4 8
2 4 9
2 4 10
2 4 11
2 4 12
2 4 13
2 4 14
2 4 15
2 4 16
2 5 6
2 5 7
2 5 8
2 5 9
2 5 10
2 5 11
2 5 12
2 5 13
2 5 14
2 5 15
2 5 16
2 6 7
2 6 8
2 6 9
2 6 10
2 6 11
2 6 12
2 6 13
2 6 14
2 6 15
2 6 16
2 7 8
2 7 9
2 7 10
2 7 11
2 7 12
2 7 13
2 7 14
2 7 15
2 7 16
2 8 9
2 8 10
2 8 11
2 8 12
2 8 13
2 8 14
2 8 15
2 8 16
2 9 10
2 9 11
2 9 12
2 9 13
2 9 14
2 9 15
2 9 16
2 10 11
2 10 12
2 10 13
2 10 14
2 10 15
2 10 16
2 11 12
2 11 13
2 11 14
2 11 15
2 11 16
2 12 13
2 12 14
2 12 15
2 12 16
2 13 14
2 13 15
2 13 16
2 14 15
2 14 16
2 15 16
3 4 5
3 4 6
3 4 7
3 4 8
3 4 9
3 4 10
3 4 11
3 4 12
3 4 13
3 4 14
3 4 15
3 4 16
3 5 6
3 5 7
3 5 8
3 5 9
3 5 10
3 5 11
3 5 12
3 5 13
3 5 14
3 5 15
3 5 16
3 6 7
3 6 8
3 6 9
3 6 10
3 6 11
3 6 12
3 6 13
3 6 14
3 6 15
3 6 16
3 7 8
3 7 9
3 7 10
3 7 11
3 7 12
3 7 13
3 7 14
3 7 15
3 7 16
3 8 9
3 8 10
3 8 11
3 8 12
3 8 13
3 8 14
3 8 15
3 8 16
3 9 10
3 9 11
3 9 12
3 9 13
3 9 14
3 9 15
3 9 16
3 10 11
3 10 12
3 10 13
3 10 14
3 10 15
3 10 16
3 11 12
3 11 13
3 11 14
3 11 15
3 11 16
3 12 13
3 12 14
3 12 15
3 12 16
3 13 14
3 13 15
3 13 16
3 14 15
3 14 16
3 15 16
4 5 6
4 5 7
4 5 8
4 5 9
4 5 10
4 5 11
4 5 12
4 5 13
4 5 14
4 5 15
4 5 16
4 6 7
4 6 8
4 6 9
4 6 10
4 6 11
4 6 12
4 6 13
4 6 14
4 6 15
4 6 16
4 7 8
4 7 9
4 7 10
4 7 11
4 7 12
4 7 13
4 7 14
4 7 15
4 7 16
4 8 9
4 8 10
4 8 11
4 8 12
4 8 13
4 8 14
4 8 15
4 8 16
4 9 10
4 9 11
4 9 12
4 9 13
4 9 14
4 9 15
4 9 16
4 10 11
4 10 12
4 10 13
4 10 14
4 10 15
4 10 16
4 11 12
4 11 13
4 11 14
4 11 15
4 11 16
4 12 13
4 12 14
4 12 15
4 12 16
4 13 14
4 13 15
4 13 16
4 14 15
4 14 16
4 15 16
5 6 7
5 6 8
5 6 9
5 6 10
5 6 11
5 6 12
5 6 13
5 6 14
5 6 15
5 6 16
5 7 8
5 7 9
5 7 10
5 7 11
5 7 12
5 7 13
5 7 14
5 7 15
5 7 16
5 8 9
5 8 10
5 8 11
5 8 12
5 8 13
5 8 14
5 8 15
5 8 16
5 9 10
5 9 11
5 9 12
5 9 13
5 9 14
5 9 15
5 9 16
5 10 11
5 10 12
5 10 13
5 10 14
5 10 15
5 10 16
5 11 12
5 11 13
5 11 14
5 11 15
5 11 16
5 12 13
5 12 14
5 12 15
5 12 16
5 13 14
5 13 15
5 13 16
5 14 15
5 14 16
5 15 16
6 7 8
6 7 9
6 7 10
6 7 11
6 7 12
6 7 13
6 7 14
6 7 15
6 7 16
6 8 9
6 8 10
6 8 11
6 8 12
6 8 13
6 8 14
6 8 15
6 8 16
6 9 10
6 9 11
6 9 12
6 9 13
6 9 14
6 9 15
6 9 16
6 10 11
6 10 12
6 10 13
6 10 14
6 10 15
6 10 16
6 11 12
6 11 13
6 11 14
6 11 15
6 11 16
6 12 13
6 12 14
6 12 15
6 12 16
6 13 14
6 13 15
6 13 16
6 14 15
6 14 16
6 15 16
7 8 9
7 8 10
7 8 11
7 8 12
7 8 13
7 8 14
7 8 15
7 8 16
7 9 10
7 9 11
7 9 12
7 9 13
7 9 14
7 9 15
7 9 16
7 10 11
7 10 12
7 10 13
7 10 14
7 10 15
7 10 16
7 11 12
7 11 13
7 11 14
7 11 15
7 11 16
7 12 13
7 12 14
7 12 15
7 12 16
7 13 14
7 13 15
7 13 16
7 14 15
7 14 16
7 15 16
8 9 10
8 9 11
8 9 12
8 9 13
8 9 14
8 9 15
8 9 16
8 10 11
8 10 12
8 10 13
8 10 14
8 10 15
8 10 16
8 11 12
8 11 13
8 11 14
8 11 15
8 11 16
8 12 13
8 12 14
8 12 15
8 12 16
8 13 14
8 13 15
8 13 16
8 14 15
8 14 16
8 15 16
9 10 11
9 10 12
9 10 13
9 10 14
9 10 15
9 10 16
9 11 12
9 11 13
9 11 14
9 11 15
9 11 16
9 12 13
9 12 14
9 12 15
9 12 16
9 13 14
9 13 15
9 13 16
9 14 15
9 14 16
9 15 16
10 11 12
10 11 13
10 11 14
10 11 15
10 11 16
10 12 13
10 12 14
10 12 15
10 12 16
10 13 14
10 13 15
10 13 16
10 14 15
10 14 16
10 15 16
11 12 13
11 12 14
11 12 15
11 12 16
11 13 14
11 13 15
11 13 16
11 14 15
11 14 16
11 15 16
12 13 14
12 13 15
12 13 16
12 14 15
12 14 16
12 15 16
13 14 15
13 14 16
13 15 16
14 15 16
nonspec_type
2
nonspec_param
5.9945 3.0114
e
-6.749
0
0.43751
0.32139
0
0.36179
0.25402
-0.28663
0.017205
1.22
1.2989
0.10283
0.10379
0.017917
0.031824
-0.019429
0.060644
-0.1318
0
0.04194
0
-0.11556
0.035784
0
0.13634
0.057378
-0.051509
0.10254
-0.002066
-0.013076
0
0
0
0.4281
0
0
0
0.0021739
0
0
0
0
0
0
0
-0.039112
0.31246
0
0
0
0
0
0.050343
-0.0070179
0.010562
0
-0.022011
0.0052431
-0.0097014
0.43477
0.34393
-0.31964
0.01808
1.1707
1.2363
0.12334
0.13798
0.020684
0.044027
-0.020547
0.07912
0.042063
0
0
0.064975
0.079152
0
0
0
-0.019311
0.00048264
-0.016449
-0.047541
0
0
0
0.016091
0
0
0
0
-0.00090268
0
0
-0.02564
0
0
0
0.012795
0
0.04505
0.0012968
0
0
0.0041786
0.0099999
0.0062622
-0.0090519
-0.0062641
0
0
0
0
0.013443
0
0.052393
0
0
0
0.037527
-0.0033841
0.064252
-0.0012456
-0.010268
-0.0010212
0
-0.042371
0.0069222
-0.019593
0
0
0.0010324
0
-0.020507
-0.015566
-0.01792
0.017802
-0.031773
0.11316
-0.022227
-0.16267
0.01869
0.0037726
0
0.054942
0.0095492
-0.035486
-0.0035123
-0.0055777
-0.0045508
-0.0035678
-0.0073718
-0.006508
-0.027795
0.011843
0.0074467
0.070199
0
-0.02166
-0.090955
0.002343
-0.0037653
0
-0.029847
0
0.061825
-0.01264
-0.0074651
-0.15191
-0.049649
0.039404
-0.13032
0
0.0066407
0
-0.0076625
-0.012576
-0.018865
-0.0042297
0
0.0038364
-0.0014485
-0.0044102
0
-0.0040403
-0.00073192
0.0079947
-0.049896
-0.0031635
0
0.10597
-0.011636
-0.025214
-0.0026908
-0.0021232
0.0014341
-0.047349
-0.0025843
0
0.016497
0.0041005
-0.0034077
-0.00091831
-0.00081675
0
0.0006946
0
-0.012103
0.0026798
0.0061098
-0.0010636
-0.00031616
0.0023047
0.0040738
0
-0.020143
0.076546
0
0
0
-0.01316
-0.016561
0.17742
0.0039744
0
0.0026446
0.016319
-0.00021116
-0.0014979
-0.0037835
-0.0011817
-0.0065911
0.00089638
-0.00067593
-0.0053561
-0.013275
0.0016571
0
0.0022087
-0.0026733
-0.0017528
-0.00066527
0
-0.1098
-0.094361
0.030738
-0.0032939
0.039932
0.082917
-0.015999
-0.0090184
-0.0012801
-0.015006
0.0030809
-0.034998
0
0
0
-0.00025065
0
0
-0.037498
-0.018522
0
0
0
0
-0.05022
0.10533
-0.005327
0.089386
0.11653
-0.017817
-0.0057383
-0.0047204
-0.013481
0.0025133
-0.024478
0.037367
-0.013832
0.14021
0.10316
-0.025645
-0.05155
-0.0048845
-0.014804
0.0042943
-0.02968
0
-0.11429
-0.0098295
0.007269
0.012082
0.0019286
0.0018323
0.0012143
0.0054322
-0.010793
0.013155
0.0018339
-0.0018549
0.001198
-0.0015164
0.00039772
0.0018004
0.017755
0.039073
0
0.0036025
0.021832
-0.0019296
0
0
0.020582
0.0036343
0
0
0
0.0027922
0.0029522
-0.00055519
0.00031754
-0.0031387
0.0015289
-0.00075702
0
-0.007703
0
-0.00072706
-0.0024412
-0.0024466
-0.0015701
0.0017166
0
0
0
-0.00018723
0
0
0
-0.05116
0
0.010733
-0.0047459
0
-0.063497
0.12479
-0.0054727
0
0.21996
-0.021462
-0.0053395
-0.0065559
-0.0166
0.00016181
-0.035452
0.027514
-0.0073633
0.049581
0.071471
-0.029761
-0.042351
-0.0085826
-0.018141
0.0071835
-0.041232
-0.00341
-0.037677
-0.095852
0.013461
0.0076722
0.00068198
0.0080657
-0.00053191
0.012048
0
0
0.0029748
0.0014028
4.9611e-05
0.00082368
-0.0048188
0.00042574
0
0
-0.024762
0
0
0
-0.0066009
0.046609
0
0.0026922
0
0
0.02575
-0.0018782
8.6829e-05
-0.0026249
0.00073651
-0.0021511
-0.0031877
-0.0033481
-0.00094999
-0.016185
0.00022111
7.9426e-05
0.00077582
0.002299
-0.0098597
0.0047758
-0.18883
0
0
0
-0.016226
0
0
0
0.0096649
0
0.0065012
0.17009
0
0
0
-0.03262
-0.020044
0
0
0
0
0
0
0
0
0
0
-0.00081678
-0.0016626
-0.013182
0
0
0
-0.0025937
-0.01115
-0.0034099
0.011623
0
-0.18448
0
0
0
-0.0010725
0
-0.0067706
0
0
0
-0.0057955
0.0020064
-0.0015538
0
0.0034902
0
0.0029224
0.018658
-0.0092742
0.012541
0
0
-0.0058702
0
0.013623
0.016911
0.0057194
-0.015371
-0.10122
-0.0062784
0
0
0.0054283
-0.0079091
-0.0076554
-0.0076492
0.0060072
-0.031175
0.0024725
-0.18429
-0.18646
0.040057
0.023672
0.0047701
0.021634
-0.00084944
0.038995
-0.028317
0.042027
0.00053483
0.0052601
-0.00075723
-0.0068254
-0.0049321
-0.0019926
0
0.050011
0
0
0
0
0
0.03124
0.01567
0.0028576
0
-0.00084303
0.056045
-0.0060722
0.00041726
0
-0.0057454
-0.003553
0.00067334
-0.010174
0.00026675
-0.01356
-0.0016741
-0.0014978
0
-0.0029716
-0.010333
-0.0012578
0.0031895
0
0
0.0044192
0.00039487
0.0061478
0.0059297
0.0018867
0.0075234
-0.024035
0
0.0055365
-0.0024882
-0.00015337
0.0019403
-0.0020072
0.0026567
0.12492
0.067252
0
0
0.021749
-0.0043649
0.021408
0
0.028181
0
0
0
0.02963
-0.0058927
0.004554
-0.00087278
0
-0.005073
-0.0034118
-0.0045036
-0.00074221
-0.013092
0.0024538
-0.003003
0
0.0019786
-0.0074928
0.0048618
0.0087286
0.0015084
-0.0061684
-0.004189
0.0032689
0.0033332
0
-0.0058022
0
-0.080176
-0.0056764
0
-0.0045679
0
0
0.037734
0
0.0030102
0
0
0.040763
0.0025202
-0.00054072
-0.002155
0.00089954
0.00078544
-0.00072029
-0.0017856
0.0038621
0.0037895
0.0049756
-0.00078531
0.0050855
0
0.0049158
0.0080999
0
0
0
0.021516
0.017616
0
0.005939
-0.0036474
0
0
0
-0.015194
-0.0035584
-0.001712
-0.0027718
-0.0010944
-0.00099951
0.0021971
-0.0065831
-0.0065087
-0.0028686
0.0008244
-0.00063816
-0.001327
-0.00059007
-0.0038524
-0.002625
-0.00045793
0.056894
0.081776
0
0
0
0
0.0025875
-0.0091611
0.0012811
-0.0011691
0
0
-0.015366
0
-0.0041464
-0.0039438
0
-0.0023986
-0.035169
0
0
0
-0.0096174
0.002932
0
-0.035446
0.014041
0
0.0037193
0
0.004704
-0.00061274
-0.037426
0.0051777
-0.023656
0.018345
0.0035651
0
-0.0045742
-0.00054102
0.0072467
0.00029975
0.0029169
0
-0.0013752
0.0039989
0
0.0021726
-0.00040151
-0.0010101
0.00011883
0.005978
0.00020573
-0.0023902
-0.0059788
0.0038523
