n
16
q_list
2 2 2 2 2 2 2 2 2 2 2 2 2 2 2 2
site_combn
1
2
3
4
5
6
7
8
9
10
11
12
13
14
15
16
1 2
1 3
1 4
1 5
1 6
1 7
1 8
1 9
1 10
1 11
1 12
1 13
1 14
1 15
1 16
2 3
2 4
2 5
2 6
2 7
2 8
2 9
2 10
2 11
2 12
2 13
2 14
2 15
2 16
3 4
3 5
3 6
3 7
3 8
3 9
3 10
3 11
3 12
3 13
3 14
3 15
3 16
4 5
4 6
4 7
4 8
4 9
4 10
4 11
4 12
4 13
4 14
4 15
4 16
5 6
5 7
5 8
5 9
5 10
5 11
5 12
5 13
5 14
5 15
5 16
6 7
6 8
6 9
6 10
6 11
6 12
6 13
6 14
6 15
6 16
7 8
7 9
7 10
7 11
7 12
7 13
7 14
7 15
7 16
8 9
8 10
8 11
8 12
8 13
8 14
8 15
8 16
9 10
9 11
9 12
9 13
9 14
9 15
9 16
10 11
10 12
10 13
10 14
10 15
10 16
11 12
11 13
11 14
11 15
11 16
12 13
12 14
12 15
12 16
13 14
13 15
13 16
14 15
14 16
15 16
nonspec_type
2
nonspec_param
5.9949 2.7516
e
-8.0521
0.23253
0.67582
0.54933
0.03831
0.66801
0.54154
-0.4644
0
1.3519
2.0981
0.25139
0.23966
0.03099
0.04827
-0.012408
0.15755
-0.199
-0.026423
0.19845
0.0073208
-0.17703
0.041651
0.020188
0.17998
-0.26536
-0.054257
0.03495
-0.0048011
-0.013635
0.0002879
0.021584
-0.0017115
0.71509
-0.067483
-0.072451
0.02903
0.0034296
-0.34532
-0.40384
0.018843
0.038928
-0.0032745
-0.0017199
-0.00032455
-0.0067684
0.47267
-0.056257
-0.030855
0.025977
0
-0.12073
-0.37759
-0.027299
0.1475
2.6525e-05
-0.012478
0.0080199
0.028548
0.63557
0.49534
-0.48599
0
1.7204
1.6287
0.2843
0.16513
0.028531
0.053627
-0.015652
0.14752
0.2536
0.21026
-0.0048356
-0.17562
-0.34509
-0.056181
0.00071006
0.00184
-0.0027097
-0.0023868
-0.039498
-0.19121
0.038891
-0.29259
-0.37702
-0.0038851
0.041033
0.0090832
-0.0078019
-0.003437
-0.0085055
-0.013939
0.26554
0.19771
0.013827
-0.019383
-0.0081951
0.0011307
0.001706
-0.013347
0.080962
-0.04696
-0.0034871
0.0039067
0.00015564
-0.002457
0
-0.015207
0
-0.29801
-0.025686
0
-0.020717
0.0061545
0
-0.097047
-0.28262
-0.022573
0.025808
-0.021931
-0.090358
-0.0015529
0.00069232
-0.0047738
-0.0005027
-0.02659
-0.0015271
-0.012915
-0.0031231
0.023885
0.008787
0
0.0050543
-0.0018251
0.0073938
0.014936
