n
16
q_list
2 2 2 2 2 2 2 2 2 2 2 2 2 2 2 2
site_combn
1
2
3
4
5
6
7
8
9
10
11
12
13
14
15
16
1 2
1 3
1 4
1 5
1 6
1 7
1 8
1 9
1 10
1 11
1 12
1 13
1 14
1 15
1 16
2 3
2 4
2 5
2 6
2 7
2 8
2 9
2 10
2 11
2 12
2 13
2 14
2 15
2 16
3 4
3 5
3 6
3 7
3 8
3 9
3 10
3 11
3 12
3 13
3 14
3 15
3 16
4 5
4 6
4 7
4 8
4 9
4 10
4 11
4 12
4 13
4 14
4 15
4 16
5 6
5 7
5 8
5 9
5 10
5 11
5 12
5 13
5 14
5 15
5 16
6 7
6 8
6 9
6 10
6 11
6 12
6 13
6 14
6 15
6 16
7 8
7 9
7 10
7 11
7 12
7 13
7 14
7 15
7 16
8 9
8 10
8 11
8 12
8 13
8 14
8 15
8 16
9 10
9 11
9 12
9 13
9 14
9 15
9 16
10 11
10 12
10 13
10 14
10 15
10 16
11 12
11 13
11 14
11 15
11 16
12 13
12 14
12 15
12 16
13 14
13 15
13 16
14 15
14 16
15 16
nonspec_type
2
nonspec_param
5.9998 3.336
e
-13.806
0.40598
-0.085032
0.098347
0.40441
0.40596
0.40441
0.0081798
0.021458
0.37648
0.34754
-0.03824
0.19159
0.007975
0
-0.037651
0.21412
-0.086552
0.33257
0.35585
0.38121
0.35585
0.0094678
0.019574
0.35623
0.16442
-0.039596
0.28299
0.006833
0
-0.036068
0.21154
-0.085013
-0.084719
0
-0.084719
-0.016945
-0.018629
-0.084718
-0.084752
-0.0072109
-0.084971
0.02172
0.00087642
-0.044648
0.36275
0.37535
0.34312
0.37535
0.0082058
0.021455
0.39716
0.34702
-0.03823
0.36592
0.0079706
0
-0.037643
0.21393
0.25799
0.26163
0.0080007
0.0213
0.26365
0.33815
-0.038026
0.38021
0.0078813
0
-0.037412
0.21144
0.25799
0.22736
0
0.24536
0.39211
0
0.26646
0
0.035318
0
0.12238
0.0080007
0.0213
0.26365
0.33815
-0.038026
0.38021
0.0078813
0
-0.037412
0.21144
0.04706
0.0080034
0.0079629
-0.0086274
0.0082222
-0.019825
0.012767
-0.032879
-0.27949
0.021301
0.021309
-0.018867
0.021453
0.013222
-0.0051028
0.010288
-0.16588
0.33835
-0.038021
0.39636
0.007893
0
-0.037412
0.21145
-0.03804
0.37129
0.007885
0
-0.037437
0.21168
-0.038219
0.011761
-0.024426
0.017291
0.19389
0.0079623
0
-0.037637
0.21372
0.027481
-0.021451
-0.025053
-0.0095815
0.014837
0.21604
