n
16
q_list
2 2 2 2 2 2 2 2 2 2 2 2 2 2 2 2
site_combn
1
2
3
4
5
6
7
8
9
10
11
12
13
14
15
16
1 2
1 3
1 4
1 5
1 6
1 7
1 8
1 9
1 10
1 11
1 12
1 13
1 14
1 15
1 16
2 3
2 4
2 5
2 6
2 7
2 8
2 9
2 10
2 11
2 12
2 13
2 14
2 15
2 16
3 4
3 5
3 6
3 7
3 8
3 9
3 10
3 11
3 12
3 13
3 14
3 15
3 16
4 5
4 6
4 7
4 8
4 9
4 10
4 11
4 12
4 13
4 14
4 15
4 16
5 6
5 7
5 8
5 9
5 10
5 11
5 12
5 13
5 14
5 15
5 16
6 7
6 8
6 9
6 10
6 11
6 12
6 13
6 14
6 15
6 16
7 8
7 9
7 10
7 11
7 12
7 13
7 14
7 15
7 16
8 9
8 10
8 11
8 12
8 13
8 14
8 15
8 16
9 10
9 11
9 12
9 13
9 14
9 15
9 16
10 11
10 12
10 13
10 14
10 15
10 16
11 12
11 13
11 14
11 15
11 16
12 13
12 14
12 15
12 16
13 14
13 15
13 16
14 15
14 16
15 16
1 2 3
1 2 4
1 2 5
1 2 6
1 2 7
1 2 8
1 2 9
1 2 10
1 2 11
1 2 12
1 2 13
1 2 14
1 2 15
1 2 16
1 3 4
1 3 5
1 3 6
1 3 7
1 3 8
1 3 9
1 3 10
1 3 11
1 3 12
1 3 13
1 3 14
1 3 15
1 3 16
1 4 5
1 4 6
1 4 7
1 4 8
1 4 9
1 4 10
1 4 11
1 4 12
1 4 13
1 4 14
1 4 15
1 4 16
1 5 6
1 5 7
1 5 8
1 5 9
1 5 10
1 5 11
1 5 12
1 5 13
1 5 14
1 5 15
1 5 16
1 6 7
1 6 8
1 6 9
1 6 10
1 6 11
1 6 12
1 6 13
1 6 14
1 6 15
1 6 16
1 7 8
1 7 9
1 7 10
1 7 11
1 7 12
1 7 13
1 7 14
1 7 15
1 7 16
1 8 9
1 8 10
1 8 11
1 8 12
1 8 13
1 8 14
1 8 15
1 8 16
1 9 10
1 9 11
1 9 12
1 9 13
1 9 14
1 9 15
1 9 16
1 10 11
1 10 12
1 10 13
1 10 14
1 10 15
1 10 16
1 11 12
1 11 13
1 11 14
1 11 15
1 11 16
1 12 13
1 12 14
1 12 15
1 12 16
1 13 14
1 13 15
1 13 16
1 14 15
1 14 16
1 15 16
2 3 4
2 3 5
2 3 6
2 3 7
2 3 8
2 3 9
2 3 10
2 3 11
2 3 12
2 3 13
2 3 14
2 3 15
2 3 16
2 4 5
2 4 6
2 4 7
2 4 8
2 4 9
2 4 10
2 4 11
2 4 12
2 4 13
2 4 14
2 4 15
2 4 16
2 5 6
2 5 7
2 5 8
2 5 9
2 5 10
2 5 11
2 5 12
2 5 13
2 5 14
2 5 15
2 5 16
2 6 7
2 6 8
2 6 9
2 6 10
2 6 11
2 6 12
2 6 13
2 6 14
2 6 15
2 6 16
2 7 8
2 7 9
2 7 10
2 7 11
2 7 12
2 7 13
2 7 14
2 7 15
2 7 16
2 8 9
2 8 10
2 8 11
2 8 12
2 8 13
2 8 14
2 8 15
2 8 16
2 9 10
2 9 11
2 9 12
2 9 13
2 9 14
2 9 15
2 9 16
2 10 11
2 10 12
2 10 13
2 10 14
2 10 15
2 10 16
2 11 12
2 11 13
2 11 14
2 11 15
2 11 16
2 12 13
2 12 14
2 12 15
2 12 16
2 13 14
2 13 15
2 13 16
2 14 15
2 14 16
2 15 16
3 4 5
3 4 6
3 4 7
3 4 8
3 4 9
3 4 10
3 4 11
3 4 12
3 4 13
3 4 14
3 4 15
3 4 16
3 5 6
3 5 7
3 5 8
3 5 9
3 5 10
3 5 11
3 5 12
3 5 13
3 5 14
3 5 15
3 5 16
3 6 7
3 6 8
3 6 9
3 6 10
3 6 11
3 6 12
3 6 13
3 6 14
3 6 15
3 6 16
3 7 8
3 7 9
3 7 10
3 7 11
3 7 12
3 7 13
3 7 14
3 7 15
3 7 16
3 8 9
3 8 10
3 8 11
3 8 12
3 8 13
3 8 14
3 8 15
3 8 16
3 9 10
3 9 11
3 9 12
3 9 13
3 9 14
3 9 15
3 9 16
3 10 11
3 10 12
3 10 13
3 10 14
3 10 15
3 10 16
3 11 12
3 11 13
3 11 14
3 11 15
3 11 16
3 12 13
3 12 14
3 12 15
3 12 16
3 13 14
3 13 15
3 13 16
3 14 15
3 14 16
3 15 16
4 5 6
4 5 7
4 5 8
4 5 9
4 5 10
4 5 11
4 5 12
4 5 13
4 5 14
4 5 15
4 5 16
4 6 7
4 6 8
4 6 9
4 6 10
4 6 11
4 6 12
4 6 13
4 6 14
4 6 15
4 6 16
4 7 8
4 7 9
4 7 10
4 7 11
4 7 12
4 7 13
4 7 14
4 7 15
4 7 16
4 8 9
4 8 10
4 8 11
4 8 12
4 8 13
4 8 14
4 8 15
4 8 16
4 9 10
4 9 11
4 9 12
4 9 13
4 9 14
4 9 15
4 9 16
4 10 11
4 10 12
4 10 13
4 10 14
4 10 15
4 10 16
4 11 12
4 11 13
4 11 14
4 11 15
4 11 16
4 12 13
4 12 14
4 12 15
4 12 16
4 13 14
4 13 15
4 13 16
4 14 15
4 14 16
4 15 16
5 6 7
5 6 8
5 6 9
5 6 10
5 6 11
5 6 12
5 6 13
5 6 14
5 6 15
5 6 16
5 7 8
5 7 9
5 7 10
5 7 11
5 7 12
5 7 13
5 7 14
5 7 15
5 7 16
5 8 9
5 8 10
5 8 11
5 8 12
5 8 13
5 8 14
5 8 15
5 8 16
5 9 10
5 9 11
5 9 12
5 9 13
5 9 14
5 9 15
5 9 16
5 10 11
5 10 12
5 10 13
5 10 14
5 10 15
5 10 16
5 11 12
5 11 13
5 11 14
5 11 15
5 11 16
5 12 13
5 12 14
5 12 15
5 12 16
5 13 14
5 13 15
5 13 16
5 14 15
5 14 16
5 15 16
6 7 8
6 7 9
6 7 10
6 7 11
6 7 12
6 7 13
6 7 14
6 7 15
6 7 16
6 8 9
6 8 10
6 8 11
6 8 12
6 8 13
6 8 14
6 8 15
6 8 16
6 9 10
6 9 11
6 9 12
6 9 13
6 9 14
6 9 15
6 9 16
6 10 11
6 10 12
6 10 13
6 10 14
6 10 15
6 10 16
6 11 12
6 11 13
6 11 14
6 11 15
6 11 16
6 12 13
6 12 14
6 12 15
6 12 16
6 13 14
6 13 15
6 13 16
6 14 15
6 14 16
6 15 16
7 8 9
7 8 10
7 8 11
7 8 12
7 8 13
7 8 14
7 8 15
7 8 16
7 9 10
7 9 11
7 9 12
7 9 13
7 9 14
7 9 15
7 9 16
7 10 11
7 10 12
7 10 13
7 10 14
7 10 15
7 10 16
7 11 12
7 11 13
7 11 14
7 11 15
7 11 16
7 12 13
7 12 14
7 12 15
7 12 16
7 13 14
7 13 15
7 13 16
7 14 15
7 14 16
7 15 16
8 9 10
8 9 11
8 9 12
8 9 13
8 9 14
8 9 15
8 9 16
8 10 11
8 10 12
8 10 13
8 10 14
8 10 15
8 10 16
8 11 12
8 11 13
8 11 14
8 11 15
8 11 16
8 12 13
8 12 14
8 12 15
8 12 16
8 13 14
8 13 15
8 13 16
8 14 15
8 14 16
8 15 16
9 10 11
9 10 12
9 10 13
9 10 14
9 10 15
9 10 16
9 11 12
9 11 13
9 11 14
9 11 15
9 11 16
9 12 13
9 12 14
9 12 15
9 12 16
9 13 14
9 13 15
9 13 16
9 14 15
9 14 16
9 15 16
10 11 12
10 11 13
10 11 14
10 11 15
10 11 16
10 12 13
10 12 14
10 12 15
10 12 16
10 13 14
10 13 15
10 13 16
10 14 15
10 14 16
10 15 16
11 12 13
11 12 14
11 12 15
11 12 16
11 13 14
11 13 15
11 13 16
11 14 15
11 14 16
11 15 16
12 13 14
12 13 15
12 13 16
12 14 15
12 14 16
12 15 16
13 14 15
13 14 16
13 15 16
14 15 16
nonspec_type
2
nonspec_param
5.8957 1.9943
e
-2.8961
0.016434
-0.0024433
0.01703
0.01653
0.016757
0.01653
-0.00040944
0.0010077
0.016979
0.01696
-0.00097138
0.016963
0.0010072
-0.00087077
-0.0011516
0.0083346
-0.0016671
0.0097779
0.0098448
0.0095916
0.0098448
-0.00034542
0.00079695
0.0097974
0.012016
-0.00073372
0.0099405
0.00083529
-0.00082084
-0.00096549
0.0069713
-0.0015975
-0.0015969
-0.0013598
-0.0015969
-0.00079707
-0.0019957
-0.002226
-0.001739
-0.0011828
-0.0017343
0.00018442
0.00038124
-0.0014387
0.0020198
0.0098183
0.012272
0.0098183
-0.00038755
0.00091196
0.012207
0.012567
-0.00076889
0.0099547
0.00090055
-0.00080264
-0.0010945
0.0076767
0.012257
0.0099252
-0.00038902
0.00090073
0.009792
0.011284
-0.00074353
0.0098179
0.00086081
-0.00080239
-0.0010723
0.0076644
0.012257
-0.00012828
0.00063711
0.012445
0.012884
-0.00043519
0.011815
0.00073104
-0.00075651
-0.001046
0.0075104
-0.00038902
0.00090073
0.009792
0.011284
-0.00074353
0.0098179
0.00086081
-0.00080239
-0.0010723
0.0076644
-0.00019681
-0.0003687
-0.00037099
-0.0012069
-0.00037589
-0.0021206
-0.0031054
0.0012203
-0.0016797
0.00091578
0.00092573
-0.0013198
0.00088267
5.7173e-05
0.0032252
0.0020986
-3.5166e-05
0.013076
-0.000772
0.0099981
0.00094654
-0.00081852
-0.00109
0.007753
-0.00078342
0.01259
0.00093488
-0.00080016
-0.0010921
0.0078446
-0.00092794
0.0030078
0.00098676
0.0032119
0.0016825
0.00090203
-0.00080656
-0.0010805
0.0076145
-0.0001147
-6.2971e-05
6.7363e-05
0.0007296
-0.00076924
5.3356e-05
0.0032512
0.0036064
0.0025425
0.0036064
0.00077264
0.0020455
0.0031371
0.0033517
0.0011193
0.00319
-3.7346e-05
-0.00039523
0.0013358
-0.00067637
-0.021761
-0.024364
-0.021761
0.00072276
-0.0021404
-0.024877
-0.02167
0.0014037
-0.024204
-0.0022819
0.0015792
0.0025158
-0.016984
-0.021554
-0.021043
0.00075087
-0.0019615
-0.021921
-0.02484
0.0014942
-0.021799
-0.0022589
0.0015996
0.0027169
-0.018785
-0.021554
0.00039328
-0.0017777
-0.023775
-0.021221
0.0010688
-0.023816
-0.0021041
0.0020085
0.0025371
-0.01829
0.00075087
-0.0019615
-0.021921
-0.02484
0.0014942
-0.021799
-0.0022589
0.0015996
0.0027169
-0.018785
0.00018759
0.00072994
0.00075306
0.0011096
0.00073628
0.0022203
0.0030323
-0.0010991
0.0026619
-0.0021224
-0.0019118
0.0014932
-0.0021374
-0.00012446
-0.0030312
-0.001872
-0.00023438
-0.021398
0.0013538
-0.02446
-0.0021201
0.00148
0.0026366
-0.016966
0.0013199
-0.021468
-0.0021976
0.0014929
0.0027124
-0.018566
0.0014128
-0.0028847
-0.0010023
-0.00341
-0.00082792
-0.0022378
0.0017773
0.0026897
-0.016415
0.00024739
6.2113e-05
-0.00058342
-0.0012933
0.00138
0.00045586
0.0032925
0.0027211
0.0032925
0.0011421
0.0023254
0.0032739
0.003248
0.0010194
0.0032768
-7.1979e-05
-0.00046917
0.0013547
-0.00073619
0.0029513
0.0035755
0.00084084
0.002133
0.0030366
0.003352
0.0010027
0.0032336
-6.4325e-05
-0.00047179
0.0013369
-0.00072226
0.0029513
0.001823
0.0017352
0.0030248
0.0027646
0.0011101
0.0029565
-0.0003842
-0.00033366
0.0014507
-0.0012904
0.00084084
0.002133
0.0030366
0.003352
0.0010027
0.0032336
-6.4325e-05
-0.00047179
0.0013369
-0.00072226
0.0014115
0.0011201
0.001183
-0.0020334
0.0011155
-0.002606
-0.003139
0.0013195
-5.3305e-05
0.0021362
0.0019977
-0.0047252
0.0019336
0.00045769
0.00060543
0.0027295
0.0014926
0.0032365
0.00097591
0.0032938
-8.4298e-05
-0.00047432
0.0013596
-0.00075539
0.00089183
0.0031233
-6.1381e-05
-0.00046829
0.0013605
-0.00073241
0.0010073
-0.00081053
-0.0019523
0.0013686
0.0011083
-7.2222e-05
-0.00047817
0.0013472
-0.0007422
0.00086502
0.001754
-0.00089274
0.00051371
0.00016034
0.0021402
-0.024023
-0.021723
0.00077927
-0.0020359
-0.024094
-0.020181
0.0013345
-0.025184
-0.0023324
0.0020721
0.0027028
-0.018772
-0.024023
0.00039583
-0.0018466
-0.02154
-0.024752
0.0010649
-0.019508
-0.0022022
0.0013841
0.0027036
-0.016526
0.00077927
-0.0020359
-0.024094
-0.020181
0.0013345
-0.025184
-0.0023324
0.0020721
0.0027028
-0.018772
0.00024256
0.00080732
0.00076187
0.0011503
0.00076572
0.0022383
0.0028398
-0.0012283
0.0029425
-0.002256
-0.0021607
0.0014115
-0.0018021
-0.00015626
-0.0030869
-0.0019879
-0.00026925
-0.024206
0.0013159
-0.021514
-0.0024244
0.0014629
0.0027965
-0.016839
0.0013527
-0.024788
-0.0019924
0.0014628
0.0026552
-0.015634
0.0012711
-0.0029099
-0.00077691
-0.0033572
-0.0010639
-0.0022274
0.0020216
0.002781
-0.018907
0.00014729
8.6578e-05
-0.00068956
-0.0012797
0.0019607
0.00047559
-0.021613
0.00042656
-0.001821
-0.019629
-0.019783
0.0010278
-0.02467
-0.0019908
0.0013828
0.0027109
-0.01842
0.00077497
-0.0021278
-0.021935
-0.02516
0.00125
-0.021601
-0.0022513
0.0015486
0.0027616
-0.016865
0.00023933
0.00080585
0.0007947
0.0011968
0.00077116
0.0022707
0.0028202
-0.00087159
0.0027775
-0.0021818
-0.0019138
0.0014435
-0.0022383
-0.00024625
-0.0030717
-0.0019241
-0.00027595
-0.019794
0.0013864
-0.024604
-0.0023611
0.0014676
0.0027684
-0.018726
0.0013062
-0.021898
-0.0022552
0.0014711
0.0027917
-0.018797
0.0013554
-0.0029152
-0.00104
-0.0034078
-0.0010651
-0.00224
0.0014342
0.0027526
-0.018958
0.00015813
9.1103e-05
-0.00067714
-0.0008459
0.0019649
0.00050243
0.00042656
-0.001821
-0.019629
-0.019783
0.0010278
-0.02467
-0.0019908
0.0013828
0.0027109
-0.01842
-1.3656e-05
0.00040483
0.00040866
0.0015
0.00040108
0.001994
0.0031661
-0.0011415
0.0023396
-0.0016166
-0.0018119
0.0012284
-0.0015791
-1.1896e-05
-0.0031371
-0.001906
-7.8603e-05
-0.020001
0.0010662
-0.019521
-0.0021013
0.0013781
0.0027171
-0.018083
0.0010401
-0.024005
-0.0022426
0.0014105
0.0026969
-0.018681
0.0010069
-0.0030022
-0.0010157
-0.0033596
-0.0013547
-0.0021895
0.0019356
0.0027102
-0.018475
0.0001822
5.2428e-05
-0.00048766
-0.00081186
0.0012711
0.00042961
0.00023933
0.00080585
0.0007947
0.0011968
0.00077116
0.0022707
0.0028202
-0.00087159
0.0027775
-0.0021818
-0.0019138
0.0014435
-0.0022383
-0.00024625
-0.0030717
-0.0019241
-0.00027595
-0.019794
0.0013864
-0.024604
-0.0023611
0.0014676
0.0027684
-0.018726
0.0013062
-0.021898
-0.0022552
0.0014711
0.0027917
-0.018797
0.0013554
-0.0029152
-0.00104
-0.0034078
-0.0010651
-0.00224
0.0014342
0.0027526
-0.018958
0.00015813
9.1103e-05
-0.00067714
-0.0008459
0.0019649
0.00050243
0.00024378
0.00025259
0.003268
0.00022466
4.7592e-05
-0.00021926
-0.00084947
0.00070094
0.00077915
0.0012134
0.00076694
0.0022059
0.0029364
-0.0012088
0.0029065
0.0012585
0.00076585
0.0022802
0.0030841
-0.0011879
0.0029006
0.001245
-0.0006656
-0.0047789
-0.0012031
6.7959e-06
0.0022587
0.0030086
-0.0011884
0.0029428
-0.0011356
0.00048469
0.0021945
-0.0024583
0.0028188
-0.0020149
-0.0019778
0.0014646
-0.0022246
-0.00016582
-0.003105
-0.0020107
-0.00029878
0.0014381
-0.0020439
-0.00015152
-0.0031617
-0.0019122
-0.00027105
0.0014783
0.0031154
-0.0007884
-0.00068022
0.00042385
-0.00016511
-0.0030958
-0.0018931
-0.00029094
-0.0012648
0.0029396
0.0003545
-0.0012915
-0.0028395
-0.002156
0.0013533
-0.024637
-0.002
0.0014715
0.0026668
-0.019126
0.0013118
-0.0026429
-0.00098912
-0.0032981
-0.00083791
-0.0024282
0.0014861
0.0028158
-0.018921
0.00014565
0.00010292
-0.00067213
-0.00090465
0.0013434
0.00048313
0.0013745
-0.002557
-0.0010544
-0.0033348
-0.00085264
-0.0022699
0.0014644
0.0027712
-0.018691
0.00014213
0.00011573
-0.00066327
-0.0012076
0.0013721
0.0004939
-0.0028944
-0.00076836
-0.0033774
-0.0010502
-0.0017916
0.00013266
-0.0040696
0.00088747
-0.00068788
-0.0024292
0.00015331
8.7298e-05
-0.00068768
-0.0012418
0.0019351
0.00047929
-0.00028567
-1.9379e-05
-0.00048859
-0.0012752
