"-6","-5.5","-5","-4.5","-4","-3.5","-3","-2.5","-2","-1.5","-1","-0.5","0","0.5","1"
0.186,0.186,0.186,0.186,0.186,0.186,0.186,0.186,0.186,0.186,0.186,0.186,0.186,0.185,0.184
0.18,0.18,0.18,0.18,0.18,0.18,0.18,0.18,0.18,0.18,0.18,0.18,0.18,0.18,0.18
0.158,0.158,0.158,0.158,0.158,0.158,0.158,0.158,0.158,0.158,0.158,0.158,0.158,0.158,0.158
0.198,0.198,0.198,0.198,0.198,0.198,0.198,0.198,0.198,0.198,0.198,0.198,0.198,0.198,0.197
0.186,0.186,0.186,0.186,0.186,0.186,0.186,0.186,0.186,0.186,0.186,0.186,0.186,0.186,0.186
0.172,0.172,0.172,0.172,0.172,0.172,0.172,0.172,0.172,0.172,0.172,0.172,0.172,0.172,0.171
0.209,0.209,0.209,0.209,0.209,0.209,0.209,0.209,0.209,0.209,0.209,0.209,0.209,0.209,0.208
0.188,0.188,0.188,0.188,0.188,0.188,0.188,0.188,0.188,0.188,0.188,0.188,0.188,0.188,0.186
0.19,0.19,0.19,0.19,0.19,0.19,0.19,0.19,0.19,0.19,0.19,0.19,0.19,0.19,0.188
0.154,0.154,0.154,0.154,0.154,0.154,0.154,0.154,0.154,0.154,0.154,0.154,0.154,0.154,0.153
0.185,0.185,0.185,0.185,0.185,0.185,0.185,0.185,0.185,0.185,0.185,0.185,0.185,0.185,0.185
0.162,0.162,0.162,0.162,0.162,0.162,0.162,0.162,0.162,0.162,0.162,0.163,0.163,0.163,0.162
0.184,0.184,0.184,0.184,0.184,0.184,0.184,0.184,0.184,0.184,0.184,0.184,0.184,0.184,0.183
0.183,0.183,0.183,0.183,0.183,0.183,0.183,0.183,0.183,0.183,0.183,0.183,0.183,0.183,0.182
0.206,0.206,0.206,0.206,0.206,0.206,0.206,0.206,0.206,0.206,0.206,0.206,0.206,0.206,0.204
0.19,0.19,0.19,0.19,0.19,0.19,0.19,0.19,0.19,0.19,0.19,0.19,0.19,0.19,0.189
0.193,0.193,0.193,0.193,0.193,0.193,0.193,0.193,0.193,0.193,0.193,0.193,0.193,0.192,0.191
0.157,0.157,0.157,0.157,0.157,0.157,0.157,0.157,0.157,0.157,0.157,0.157,0.157,0.157,0.156
0.192,0.192,0.192,0.192,0.192,0.192,0.192,0.192,0.192,0.192,0.192,0.192,0.192,0.192,0.19
0.167,0.167,0.167,0.167,0.167,0.167,0.167,0.167,0.167,0.167,0.167,0.167,0.167,0.168,0.167
0.203,0.203,0.203,0.203,0.203,0.203,0.203,0.203,0.203,0.203,0.203,0.203,0.203,0.202,0.201
0.182,0.182,0.182,0.182,0.182,0.182,0.182,0.182,0.182,0.182,0.182,0.182,0.182,0.182,0.182
0.174,0.174,0.174,0.174,0.174,0.174,0.174,0.174,0.174,0.174,0.174,0.175,0.175,0.175,0.174
0.186,0.186,0.186,0.186,0.186,0.186,0.186,0.186,0.186,0.186,0.186,0.186,0.186,0.186,0.185
0.15,0.15,0.15,0.15,0.15,0.15,0.15,0.15,0.15,0.15,0.15,0.15,0.15,0.15,0.15
0.181,0.181,0.181,0.181,0.181,0.181,0.181,0.181,0.181,0.181,0.181,0.181,0.181,0.18,0.18
0.161,0.161,0.161,0.161,0.161,0.161,0.161,0.161,0.161,0.161,0.161,0.161,0.161,0.162,0.161
0.207,0.207,0.207,0.207,0.207,0.207,0.207,0.207,0.207,0.207,0.207,0.207,0.207,0.207,0.205
0.193,0.193,0.193,0.193,0.193,0.193,0.193,0.193,0.193,0.193,0.193,0.193,0.193,0.193,0.191
0.191,0.191,0.191,0.191,0.191,0.191,0.191,0.191,0.191,0.191,0.191,0.191,0.191,0.191,0.191
0.189,0.189,0.189,0.189,0.189,0.189,0.189,0.189,0.189,0.189,0.189,0.19,0.19,0.19,0.189
0.178,0.178,0.178,0.178,0.178,0.178,0.178,0.178,0.178,0.178,0.178,0.178,0.178,0.178,0.176
0.212,0.212,0.212,0.212,0.212,0.212,0.212,0.212,0.212,0.212,0.212,0.212,0.212,0.212,0.211
0.194,0.194,0.194,0.194,0.194,0.194,0.194,0.194,0.194,0.194,0.194,0.194,0.194,0.194,0.193
0.153,0.153,0.153,0.153,0.153,0.153,0.153,0.153,0.153,0.153,0.153,0.153,0.153,0.153,0.152
0.174,0.174,0.174,0.174,0.174,0.174,0.174,0.174,0.174,0.174,0.174,0.174,0.174,0.174,0.172
0.186,0.186,0.186,0.186,0.186,0.186,0.186,0.186,0.186,0.186,0.186,0.186,0.186,0.186,0.185
0.165,0.165,0.165,0.165,0.165,0.165,0.165,0.165,0.165,0.165,0.165,0.165,0.165,0.165,0.164
0.187,0.187,0.187,0.187,0.187,0.187,0.187,0.187,0.187,0.187,0.187,0.187,0.187,0.187,0.187
0.185,0.185,0.185,0.185,0.185,0.185,0.185,0.185,0.185,0.185,0.185,0.185,0.185,0.185,0.184
0.189,0.189,0.189,0.189,0.189,0.189,0.189,0.189,0.189,0.189,0.189,0.189,0.189,0.189,0.188
0.191,0.191,0.191,0.191,0.191,0.191,0.191,0.191,0.191,0.191,0.191,0.191,0.191,0.191,0.189
0.2,0.2,0.2,0.2,0.2,0.2,0.2,0.2,0.2,0.2,0.2,0.2,0.2,0.199,0.198
0.181,0.181,0.181,0.181,0.181,0.181,0.181,0.181,0.181,0.181,0.181,0.181,0.181,0.181,0.18
0.167,0.167,0.167,0.167,0.167,0.167,0.167,0.167,0.167,0.167,0.167,0.167,0.167,0.167,0.166
0.216,0.216,0.216,0.216,0.216,0.216,0.216,0.216,0.216,0.216,0.216,0.216,0.216,0.216,0.215
0.176,0.176,0.176,0.176,0.176,0.176,0.176,0.176,0.176,0.176,0.176,0.176,0.176,0.176,0.176
0.164,0.164,0.164,0.164,0.164,0.164,0.164,0.164,0.164,0.164,0.164,0.165,0.165,0.165,0.164
0.168,0.168,0.168,0.168,0.168,0.168,0.168,0.168,0.168,0.168,0.168,0.168,0.168,0.168,0.167
0.17,0.17,0.17,0.17,0.17,0.17,0.17,0.17,0.17,0.17,0.17,0.17,0.17,0.17,0.169
