"-6","-5.5","-5","-4.5","-4","-3.5","-3","-2.5","-2","-1.5","-1","-0.5","0","0.5","1"
0.953,0.957,0.957,0.957,0.957,0.957,0.957,0.958,0.956,0.957,0.954,0.947,0.928,0.87,0.699
0.958,0.958,0.958,0.959,0.956,0.958,0.956,0.953,0.96,0.949,0.948,0.935,0.915,0.852,0.685
0.97,0.972,0.972,0.972,0.972,0.972,0.97,0.967,0.966,0.968,0.962,0.938,0.915,0.854,0.675
0.962,0.963,0.964,0.965,0.963,0.964,0.964,0.96,0.961,0.959,0.947,0.93,0.903,0.855,0.696
0.966,0.965,0.966,0.966,0.966,0.965,0.965,0.965,0.963,0.959,0.956,0.939,0.912,0.848,0.68
0.962,0.962,0.962,0.962,0.962,0.962,0.962,0.962,0.963,0.959,0.955,0.942,0.92,0.853,0.672
0.96,0.96,0.959,0.956,0.951,0.95,0.953,0.955,0.957,0.957,0.956,0.944,0.919,0.854,0.694
0.982,0.982,0.98,0.982,0.98,0.979,0.975,0.976,0.977,0.971,0.955,0.922,0.895,0.836,0.676
0.969,0.965,0.965,0.964,0.967,0.97,0.966,0.964,0.964,0.963,0.956,0.935,0.917,0.859,0.687
0.961,0.956,0.957,0.954,0.958,0.941,0.961,0.945,0.948,0.95,0.947,0.938,0.922,0.868,0.7
0.971,0.849,0.849,0.849,0.849,0.849,0.849,0.971,0.971,0.969,0.963,0.939,0.918,0.861,0.683
0.967,0.969,0.969,0.971,0.971,0.949,0.946,0.944,0.941,0.936,0.928,0.918,0.901,0.846,0.691
0.961,0.961,0.96,0.958,0.958,0.96,0.961,0.961,0.961,0.96,0.956,0.941,0.923,0.869,0.703
0.969,0.971,0.972,0.965,0.97,0.965,0.966,0.969,0.968,0.966,0.96,0.943,0.922,0.866,0.697
0.97,0.966,0.971,0.972,0.966,0.962,0.962,0.962,0.962,0.958,0.951,0.937,0.912,0.834,0.661
0.956,0.96,0.96,0.96,0.96,0.96,0.96,0.959,0.958,0.956,0.949,0.935,0.915,0.852,0.685
0.963,0.964,0.964,0.965,0.964,0.964,0.959,0.958,0.963,0.962,0.961,0.947,0.922,0.862,0.701
0.965,0.967,0.966,0.967,0.966,0.966,0.965,0.965,0.965,0.958,0.958,0.947,0.924,0.863,0.676
0.955,0.958,0.958,0.957,0.956,0.952,0.95,0.951,0.949,0.95,0.95,0.931,0.91,0.857,0.698
0.974,0.975,0.974,0.974,0.974,0.973,0.974,0.976,0.975,0.969,0.959,0.933,0.915,0.843,0.675
0.954,0.956,0.956,0.956,0.956,0.956,0.956,0.956,0.955,0.955,0.948,0.94,0.917,0.856,0.682
0.861,0.966,0.967,0.968,0.968,0.965,0.966,0.962,0.964,0.958,0.956,0.938,0.913,0.851,0.676
0.972,0.969,0.969,0.968,0.97,0.97,0.964,0.97,0.963,0.96,0.956,0.946,0.922,0.854,0.696
0.964,0.965,0.966,0.963,0.967,0.967,0.956,0.955,0.957,0.956,0.951,0.928,0.902,0.837,0.675
0.971,0.957,0.97,0.97,0.97,0.97,0.971,0.959,0.958,0.955,0.948,0.935,0.917,0.865,0.698
