n
4
q_list
20 20 20 20
site_combn
1
2
3
4
nonspec_type
2
nonspec_param
-0.00058314 4.5311
e
-11.605
-0.29373
-0.29373
-0.29373
-0.29373
-0.29373
-0.29373
-0.29373
-0.29373
-0.29373
-0.29373
-0.29373
-0.29373
-0.29373
-0.29373
5.5809
-0.29373
-0.29373
-0.29373
-0.29373
-0.29373
0.94373
1.1088
-2.5793
-2.4472
0.59464
-1.2409
0.44745
1.02
0.21798
1.1094
1.07
-0.20552
-2.6163
0.80252
-1.0232
0.75394
0.93919
0.975
-0.52285
0.65281
0.30475
0.24849
-0.16234
-0.34556
0.22335
0.14107
0.26638
-0.33918
-0.55054
0.41074
0.29755
0.06081
-1.8058
0.27777
-0.32095
0.24646
0.29264
-0.021434
0.32558
0.45024
0.31684
3.2096
-0.88366
-0.88366
-0.88366
3.4963
-0.88366
-0.88366
-0.88366
-0.88366
-0.88366
-0.88366
-0.88366
-0.88366
-0.88366
3.5707
2.6614
-0.88366
-0.88366
-0.88366
