n
4
q_list
20 20 20 20
site_combn
1
2
3
4
1 2
1 3
1 4
2 3
2 4
3 4
nonspec_type
2
nonspec_param
-0.0010785 8.8637
e
-9.2
-0.10866
-0.10866
-0.10866
-0.10866
-0.10866
-0.10866
-0.10866
-0.10866
-0.10866
-0.10866
-0.10866
-0.10866
-0.10866
-0.10866
2.0645
-0.10866
-0.10866
-0.10866
-0.10866
-0.10866
0.26611
0.33949
0.0071722
0.015237
0.095624
-1.5965
0.25254
0.32071
0.23729
0.35827
0.36795
-0.71486
-0.0035567
0.23949
-0.46806
0.27392
0.33666
0.33999
-1.0339
0.36641
0.19417
0.15984
-0.18694
-0.15127
-0.013899
0.1516
0.17598
-0.46674
0.12372
0.16212
0.16569
0.31368
-1.5566
0.17768
0.1934
0.25471
0.2932
-0.14227
-0.022916
0.17483
0.12001
0.22378
-0.089808
-0.089808
-0.089808
0.35639
-0.089808
-0.089808
-0.089808
-0.089808
-0.089808
-0.089808
-0.089808
-0.089808
-0.089808
0.40395
0.044115
-0.089808
-0.089808
0.10906
-0.038024
-0.046311
0.15459
0.1457
-0.017092
-0.0053444
-0.017092
-0.038255
-0.010701
-0.043916
-0.042562
-0.017092
0.15555
-0.030743
-0.017092
-0.026081
-0.04308
-0.03646
-0.0014775
-0.024524
-0.038024
-0.046311
0.15459
0.1457
-0.017092
-0.0053444
-0.017092
-0.038255
-0.010701
-0.043916
-0.042562
-0.017092
0.15555
-0.030743
-0.017092
-0.026081
-0.04308
-0.03646
-0.0014775
-0.024524
-0.038024
-0.046311
0.15459
0.1457
-0.017092
-0.0053444
-0.017092
-0.038255
-0.010701
-0.043916
-0.042562
-0.017092
0.15555
-0.030743
-0.017092
-0.026081
-0.04308
-0.03646
-0.0014775
-0.024524
-0.038024
-0.046311
0.15459
0.1457
-0.017092
-0.0053444
-0.017092
-0.038255
-0.010701
-0.043916
-0.042562
-0.017092
0.15555
-0.030743
-0.017092
-0.026081
-0.04308
-0.03646
-0.0014775
-0.024524
-0.038024
-0.046311
0.15459
0.1457
-0.017092
-0.0053444
-0.017092
-0.038255
-0.010701
-0.043916
-0.042562
-0.017092
0.15555
-0.030743
-0.017092
-0.026081
-0.04308
-0.03646
-0.0014775
-0.024524
-0.038024
-0.046311
0.15459
0.1457
-0.017092
-0.0053444
-0.017092
-0.038255
-0.010701
-0.043916
-0.042562
-0.017092
0.15555
-0.030743
-0.017092
-0.026081
-0.04308
-0.03646
-0.0014775
-0.024524
-0.038024
-0.046311
0.15459
0.1457
-0.017092
-0.0053444
-0.017092
-0.038255
-0.010701
-0.043916
-0.042562
-0.017092
0.15555
-0.030743
-0.017092
-0.026081
-0.04308
-0.03646
-0.0014775
-0.024524
-0.038024
-0.046311
0.15459
0.1457
-0.017092
-0.0053444
-0.017092
-0.038255
-0.010701
-0.043916
-0.042562
-0.017092
0.15555
-0.030743
-0.017092
-0.026081
-0.04308
-0.03646
-0.0014775
-0.024524
-0.038024
-0.046311
0.15459
0.1457
-0.017092
-0.0053444
-0.017092
-0.038255
-0.010701
-0.043916
-0.042562
-0.017092
0.15555
-0.030743
-0.017092
-0.026081
-0.04308
-0.03646
-0.0014775
-0.024524
-0.038024
-0.046311
0.15459
0.1457
-0.017092
-0.0053444
-0.017092
-0.038255
-0.010701
-0.043916
-0.042562
-0.017092
0.15555
-0.030743
-0.017092
-0.026081
-0.04308
-0.03646
-0.0014775
-0.024524
-0.038024
-0.046311
0.15459
0.1457
-0.017092
-0.0053444
-0.017092
-0.038255
-0.010701
-0.043916
-0.042562
-0.017092
0.15555
-0.030743
-0.017092
-0.026081
-0.04308
-0.03646
-0.0014775
-0.024524
-0.038024
-0.046311
0.15459
0.1457
-0.017092
-0.0053444
-0.017092
-0.038255
-0.010701
-0.043916
-0.042562
-0.017092
0.15555
-0.030743
-0.017092
-0.026081
-0.04308
-0.03646
-0.0014775
-0.024524
-0.038024
-0.046311
0.15459
0.1457
-0.017092
-0.0053444
-0.017092
-0.038255
-0.010701
-0.043916
-0.042562
-0.017092
0.15555
-0.030743
-0.017092
-0.026081
-0.04308
-0.03646
-0.0014775
-0.024524
-0.038024
-0.046311
0.15459
0.1457
-0.017092
-0.0053444
-0.017092
-0.038255
-0.010701
-0.043916
-0.042562
-0.017092
0.15555
-0.030743
-0.017092
-0.026081
-0.04308
-0.03646
-0.0014775
-0.024524
0.72246
0.8799
-2.9372
-2.7684
0.32475
0.10154
0.32475
0.72684
0.20331
0.8344
0.80868
0.32475
-2.9555
0.58411
0.32475
0.49553
0.81852
0.69274
0.028073
0.46595
-0.038024
-0.046311
0.15459
0.1457
-0.017092
-0.0053444
-0.017092
-0.038255
-0.010701
-0.043916
-0.042562
-0.017092
0.15555
-0.030743
-0.017092
-0.026081
-0.04308
-0.03646
-0.0014775
-0.024524
-0.038024
-0.046311
0.15459
0.1457
-0.017092
-0.0053444
-0.017092
-0.038255
-0.010701
-0.043916
-0.042562
-0.017092
0.15555
-0.030743
-0.017092
-0.026081
-0.04308
-0.03646
-0.0014775
-0.024524
-0.038024
-0.046311
0.15459
0.1457
-0.017092
-0.0053444
-0.017092
-0.038255
-0.010701
-0.043916
-0.042562
-0.017092
0.15555
-0.030743
-0.017092
-0.026081
-0.04308
-0.03646
-0.0014775
-0.024524
-0.038024
-0.046311
0.15459
0.1457
-0.017092
-0.0053444
-0.017092
-0.038255
-0.010701
-0.043916
-0.042562
-0.017092
0.15555
-0.030743
-0.017092
-0.026081
-0.04308
-0.03646
-0.0014775
-0.024524
-0.038024
-0.046311
0.15459
0.1457
-0.017092
-0.0053444
-0.017092
-0.038255
-0.010701
-0.043916
-0.042562
-0.017092
0.15555
-0.030743
-0.017092
-0.026081
-0.04308
-0.03646
-0.0014775
-0.024524
-0.0056224
-0.00022963
0.0031918
0.016859
-0.00022963
-0.00022963
-0.0086642
0.0072029
-0.00022963
-0.009347
-0.0027348
-0.00022963
0.020611
-0.0082394
0.0029896
-0.0057814
-0.0032283
0.0030935
-0.00022963
-0.0089521
-0.0056224
-0.00022963
0.0031918
0.016859
-0.00022963
-0.00022963
-0.0086642
0.0072029
-0.00022963
-0.009347
-0.0027348
-0.00022963
0.020611
-0.0082394
0.0029896
-0.0057814
-0.0032283
0.0030935
-0.00022963
-0.0089521
-0.0056224
-0.00022963
0.0031918
0.016859
-0.00022963
-0.00022963
-0.0086642
0.0072029
-0.00022963
-0.009347
-0.0027348
-0.00022963
0.020611
-0.0082394
0.0029896
-0.0057814
-0.0032283
0.0030935
-0.00022963
-0.0089521
-0.0056224
-0.00022963
0.0031918
0.016859
-0.00022963
-0.00022963
-0.0086642
0.0072029
-0.00022963
-0.009347
-0.0027348
-0.00022963
0.020611
-0.0082394
0.0029896
-0.0057814
-0.0032283
0.0030935
-0.00022963
-0.0089521
-0.0056224
-0.00022963
0.0031918
0.016859
-0.00022963
-0.00022963
-0.0086642
0.0072029
-0.00022963
-0.009347
-0.0027348
-0.00022963
0.020611
-0.0082394
0.0029896
-0.0057814
-0.0032283
0.0030935
-0.00022963
-0.0089521
-0.0056224
-0.00022963
0.0031918
0.016859
-0.00022963
-0.00022963
-0.0086642
0.0072029
-0.00022963
-0.009347
-0.0027348
-0.00022963
0.020611
-0.0082394
0.0029896
-0.0057814
-0.0032283
0.0030935
-0.00022963
-0.0089521
-0.0056224
-0.00022963
0.0031918
0.016859
-0.00022963
-0.00022963
-0.0086642
0.0072029
-0.00022963
-0.009347
-0.0027348
-0.00022963
0.020611
-0.0082394
0.0029896
-0.0057814
-0.0032283
0.0030935
-0.00022963
-0.0089521
-0.0056224
-0.00022963
0.0031918
0.016859
-0.00022963
-0.00022963
-0.0086642
0.0072029
-0.00022963
-0.009347
-0.0027348
-0.00022963
0.020611
-0.0082394
0.0029896
-0.0057814
-0.0032283
0.0030935
-0.00022963
-0.0089521
-0.0056224
-0.00022963
0.0031918
0.016859
-0.00022963
-0.00022963
-0.0086642
0.0072029
-0.00022963
-0.009347
-0.0027348
-0.00022963
0.020611
-0.0082394
0.0029896
-0.0057814
-0.0032283
0.0030935
-0.00022963
-0.0089521
-0.0056224
-0.00022963
0.0031918
0.016859
-0.00022963
-0.00022963
-0.0086642
0.0072029
-0.00022963
-0.009347
-0.0027348
-0.00022963
0.020611
-0.0082394
0.0029896
-0.0057814
-0.0032283
0.0030935
-0.00022963
-0.0089521
-0.0056224
-0.00022963
0.0031918
0.016859
-0.00022963
-0.00022963
-0.0086642
0.0072029
-0.00022963
-0.009347
-0.0027348
-0.00022963
0.020611
-0.0082394
0.0029896
-0.0057814
-0.0032283
0.0030935
-0.00022963
-0.0089521
-0.0056224
-0.00022963
0.0031918
0.016859
-0.00022963
-0.00022963
-0.0086642
0.0072029
-0.00022963
-0.009347
-0.0027348
-0.00022963
0.020611
-0.0082394
0.0029896
-0.0057814
-0.0032283
0.0030935
-0.00022963
-0.0089521
-0.0056224
-0.00022963
0.0031918
0.016859
-0.00022963
-0.00022963
-0.0086642
0.0072029
-0.00022963
-0.009347
-0.0027348
-0.00022963
0.020611
-0.0082394
0.0029896
-0.0057814
-0.0032283
0.0030935
-0.00022963
-0.0089521
-0.0056224
-0.00022963
0.0031918
0.016859
-0.00022963
-0.00022963
-0.0086642
0.0072029
-0.00022963
-0.009347
-0.0027348
-0.00022963
0.020611
-0.0082394
0.0029896
-0.0057814
-0.0032283
0.0030935
-0.00022963
-0.0089521
0.10682
0.0043629
-0.060644
-0.32032
0.0043629
0.0043629
0.16462
-0.13686
0.0043629
0.17759
0.05196
0.0043629
-0.3916
0.15655
-0.056803
0.10985
0.061337
-0.058776
0.0043629
0.17009
-0.0056224
-0.00022963
0.0031918
0.016859
-0.00022963
-0.00022963
-0.0086642
0.0072029
-0.00022963
-0.009347
-0.0027348
-0.00022963
0.020611
-0.0082394
0.0029896
-0.0057814
-0.0032283
0.0030935
-0.00022963
-0.0089521
-0.0056224
-0.00022963
0.0031918
0.016859
-0.00022963
-0.00022963
-0.0086642
0.0072029
-0.00022963
-0.009347
-0.0027348
-0.00022963
0.020611
-0.0082394
0.0029896
-0.0057814
-0.0032283
0.0030935
-0.00022963
-0.0089521
-0.0056224
-0.00022963
0.0031918
0.016859
-0.00022963
-0.00022963
-0.0086642
0.0072029
-0.00022963
-0.009347
-0.0027348
-0.00022963
0.020611
-0.0082394
0.0029896
-0.0057814
-0.0032283
0.0030935
-0.00022963
-0.0089521
-0.0056224
-0.00022963
0.0031918
0.016859
-0.00022963
-0.00022963
-0.0086642
0.0072029
-0.00022963
-0.009347
-0.0027348
-0.00022963
0.020611
-0.0082394
0.0029896
-0.0057814
-0.0032283
0.0030935
-0.00022963
-0.0089521
-0.0056224
-0.00022963
0.0031918
0.016859
-0.00022963
-0.00022963
-0.0086642
0.0072029
-0.00022963
-0.009347
-0.0027348
-0.00022963
0.020611
-0.0082394
0.0029896
-0.0057814
-0.0032283
0.0030935
-0.00022963
-0.0089521
-0.042332
-0.16566
0.049366
0.049366
0.049366
-0.17669
0.049366
0.049366
0.049366
0.049366
0.049366
0.049366
0.049366
0.049366
0.049366
-0.18082
-0.14305
0.049366
0.049366
0.017423
-0.042332
-0.16566
0.049366
0.049366
0.049366
-0.17669
0.049366
0.049366
0.049366
0.049366
0.049366
0.049366
0.049366
0.049366
0.049366
-0.18082
-0.14305
0.049366
0.049366
0.017423
-0.042332
-0.16566
0.049366
0.049366
0.049366
-0.17669
0.049366
0.049366
0.049366
0.049366
0.049366
0.049366
0.049366
0.049366
0.049366
-0.18082
-0.14305
0.049366
0.049366
0.017423
-0.042332
-0.16566
0.049366
0.049366
0.049366
-0.17669
0.049366
0.049366
0.049366
0.049366
0.049366
0.049366
0.049366
0.049366
0.049366
-0.18082
-0.14305
0.049366
0.049366
0.017423
-0.042332
-0.16566
0.049366
0.049366
0.049366
-0.17669
0.049366
0.049366
0.049366
0.049366
0.049366
0.049366
0.049366
0.049366
0.049366
-0.18082
-0.14305
0.049366
0.049366
0.017423
-0.042332
-0.16566
0.049366
0.049366
0.049366
-0.17669
0.049366
0.049366
0.049366
0.049366
0.049366
0.049366
0.049366
0.049366
0.049366
-0.18082
-0.14305
0.049366
0.049366
0.017423
-0.042332
-0.16566
0.049366
0.049366
0.049366
-0.17669
0.049366
0.049366
0.049366
0.049366
0.049366
0.049366
0.049366
0.049366
0.049366
-0.18082
-0.14305
0.049366
0.049366
0.017423
-0.042332
-0.16566
0.049366
0.049366
0.049366
-0.17669
0.049366
0.049366
0.049366
0.049366
0.049366
0.049366
0.049366
0.049366
0.049366
-0.18082
-0.14305
0.049366
0.049366
0.017423
-0.042332
-0.16566
0.049366
0.049366
0.049366
-0.17669
0.049366
0.049366
0.049366
0.049366
0.049366
0.049366
0.049366
0.049366
0.049366
-0.18082
-0.14305
0.049366
0.049366
0.017423
-0.042332
-0.16566
0.049366
0.049366
0.049366
-0.17669
0.049366
0.049366
0.049366
0.049366
0.049366
0.049366
0.049366
0.049366
0.049366
-0.18082
-0.14305
0.049366
0.049366
0.017423
-0.042332
-0.16566
0.049366
0.049366
0.049366
-0.17669
0.049366
0.049366
0.049366
0.049366
0.049366
0.049366
0.049366
0.049366
0.049366
-0.18082
-0.14305
0.049366
0.049366
0.017423
-0.042332
-0.16566
0.049366
0.049366
0.049366
-0.17669
0.049366
0.049366
0.049366
0.049366
0.049366
0.049366
0.049366
0.049366
0.049366
-0.18082
-0.14305
0.049366
0.049366
0.017423
-0.042332
-0.16566
0.049366
0.049366
0.049366
-0.17669
0.049366
0.049366
0.049366
0.049366
0.049366
0.049366
0.049366
0.049366
0.049366
-0.18082
-0.14305
0.049366
0.049366
0.017423
-0.042332
-0.16566
0.049366
0.049366
0.049366
-0.17669
0.049366
0.049366
0.049366
0.049366
0.049366
0.049366
0.049366
0.049366
0.049366
-0.18082
-0.14305
0.049366
0.049366
0.017423
0.80431
3.1475
-0.93795
-0.93795
-0.93795
3.3571
-0.93795
-0.93795
-0.93795
-0.93795
-0.93795
-0.93795
-0.93795
-0.93795
-0.93795
3.4355
2.718
-0.93795
-0.93795
-0.33104
-0.042332
-0.16566
0.049366
0.049366
0.049366
-0.17669
0.049366
0.049366
0.049366
0.049366
0.049366
0.049366
0.049366
0.049366
0.049366
-0.18082
-0.14305
0.049366
0.049366
0.017423
-0.042332
-0.16566
0.049366
0.049366
0.049366
-0.17669
0.049366
0.049366
0.049366
0.049366
0.049366
0.049366
0.049366
0.049366
0.049366
-0.18082
-0.14305
0.049366
0.049366
0.017423
-0.042332
-0.16566
0.049366
0.049366
0.049366
-0.17669
0.049366
0.049366
0.049366
0.049366
0.049366
0.049366
0.049366
0.049366
0.049366
-0.18082
-0.14305
0.049366
0.049366
0.017423
-0.042332
-0.16566
0.049366
0.049366
0.049366
-0.17669
0.049366
0.049366
0.049366
0.049366
0.049366
0.049366
0.049366
0.049366
0.049366
-0.18082
-0.14305
0.049366
0.049366
0.017423
-0.042332
-0.16566
0.049366
0.049366
0.049366
-0.17669
0.049366
0.049366
0.049366
0.049366
0.049366
0.049366
0.049366
0.049366
0.049366
-0.18082
-0.14305
0.049366
0.049366
0.017423
0.1032
0.056665
-0.18389
-0.25748
0.13564
0.18494
0.083786
-0.15449
-0.11722
0.086471
0.098862
0.040944
-0.36522
0.082889
-0.13318
0.034603
0.01171
-0.041651
0.23978
0.093636
0.044116
0.13894
0.10196
0.15336
0.19322
-0.049793
-0.15238
0.31651
-0.70495
0.086235
0.10336
-0.45269
0.43604
-0.026607
-0.58831
-0.24513
-0.12923
0.24409
0.461
0.070267
0.0068721
0.039381
0.013274
0.0077182
0.07434
0.040481
0.022483
0.15094
-0.25943
0.047376
0.037559
-0.13912
-0.082036
0.021587
-0.22666
-0.054959
-0.079568
0.16895
0.17847
0.032334
0.0068721
0.039381
0.013274
0.0077182
0.07434
0.040481
0.022483
0.15094
-0.25943
0.047376
0.037559
-0.13912
-0.082036
0.021587
-0.22666
-0.054959
-0.079568
0.16895
0.17847
0.032334
0.12008
0.16547
-0.11767
-0.44442
-0.47575
0.18232
0.36879
-0.92262
0.62106
-0.03518
-0.051581
0.4961
-0.2761
0.395
0.73084
0.3432
0.337
-0.50388
-1.1073
0.17462
-0.4218
-0.38929
-0.4154
-0.42096
-0.35434
-0.38819
-0.40619
-0.27774
1.9844
-0.3813
-0.39112
0.80299
-0.51071
0.001133
1.7403
0.44159
0.57289
-0.27508
-0.48612
-0.4251
0.1277
0.087977
0.30689
0.43236
0.10926
0.043503
0.071079
-0.57312
-0.21084
0.1188
0.096093
-0.090521
-0.13871
0.15094
-0.17806
-0.0063636
-0.029225
-0.097947
-0.27282
0.053005
0.10499
0.045369
-0.22177
-0.4624
-0.050377
0.15804
0.039422
0.27306
-0.2744
0.053365
0.17216
-0.012201
-0.076047
-0.031654
-0.30561
-0.010929
-0.085521
0.17494
0.23492
0.27464
0.0072534
0.18473
0.49212
0.68199
0.32321
-0.080555
-0.23632
0.55689
-0.76669
0.08574
0.081372
-0.38837
-0.081654
-0.39478
-0.5888
-0.3637
-0.54248
0.58154
0.43097
0.017527
-0.031694
0.11581
0.027703
0.19872
0.05773
0.023871
-0.166
0.28479
-0.44397
0.12929
0.17071
-0.26198
0.1273
-0.017613
-0.44541
-0.12047
-0.096179
0.27248
0.10565
0.069248
-0.025445
0.037255
-0.019043
-0.19574
0.24345
0.038253
-0.05557
0.22688
-0.48471
0.084061
0.0052419
-0.19374
0.44042
0.037265
-0.41163
-0.10381
-0.11189
0.28728
0.20145
1.6466e-05
0.14314
-0.28457
-0.32323
-0.39519
-0.90368
0.13619
0.24683
-0.71983
1.2535
-0.089494
-0.099311
0.90873
-0.21891
0.30142
1.1443
0.62908
0.56119
-0.88918
-1.0645
-0.33657
0.0068721
0.039381
0.013274
0.0077182
0.07434
0.040481
0.022483
0.15094
-0.25943
0.047376
0.037559
-0.13912
-0.082036
0.021587
-0.22666
-0.054959
-0.079568
0.16895
0.17847
0.032334
0.13756
0.062587
0.092304
0.086748
-0.19786
0.063781
0.16485
-0.43883
0.064363
0.12641
0.11659
0.11599
-0.40313
0.10062
0.1725
0.08063
0.12167
-0.23107
-0.3297
0.093996
-0.43887
-0.31087
0.82172
1.1785
0.015224
-0.45608
-0.6204
1.1976
-0.60968
-0.30287
-0.31269
-0.72195
2.4216
-0.54552
-0.57691
-0.66829
-0.76974
0.33562
0.68155
-0.31791
0.12339
0.08308
-0.35483
-0.41727
0.0958
0.36217
0.21864
-0.38097
0.15079
0.091075
0.053075
0.18465
-0.42154
0.12862
0.12332
0.11859
0.10078
-0.22327
-0.11869
0.082578
-0.026791
0.092329
0.058555
0.16307
0.34557
-0.028561
-0.063372
0.5735
-0.6005
0.09916
0.08284
-0.44369
0.028282
-0.073831
-0.66886
-0.17547
-0.17385
0.27358
0.45692
0.08112
0.092053
0.18165
-0.23028
-0.24536
0.27184
0.098718
0.062262
0.14368
-0.34582
0.035675
-0.064947
-0.14638
-0.089298
0.014325
-0.28686
-0.062222
-0.086831
0.20129
0.27769
0.17882
-0.022343
-0.48822
-0.39232
-0.44744
-0.32378
-0.40419
0.31395
-0.55056
1.6507
-0.4423
-0.36056
0.83268
-0.48016
-0.0074179
1.3782
0.39257
0.71945
-0.78288
-0.21965
-0.36579
-0.057167
0.10296
0.31736
0.36836
0.29181
-0.0058426
0.063169
-0.0075308
-0.38785
0.11274
0.18723
-0.25323
-0.14607
-0.17954
-0.4259
-0.119
-0.16104
0.16727
-0.026631
0.1589
-0.11361
0.074559
0.0054608
0.0054608
0.0054608
-0.023001
0.0054608
0.0054608
0.0054608
0.0054608
0.0054608
0.0054608
0.0054608
0.0054608
0.0054608
0.037945
-0.00048515
0.0054608
0.0054608
-0.051862
-0.11439
0.12255
0.0046807
0.0046807
0.0046807
0.0043171
0.0046807
0.0046807
0.0046807
0.0046807
0.0046807
0.0046807
0.0046807
0.0046807
0.0046807
-0.14964
0.12427
0.0046807
0.0046807
-0.052642
-0.10902
0.048838
0.010047
0.010047
0.010047
0.0096831
0.010047
0.010047
0.010047
0.010047
0.010047
0.010047
0.010047
0.010047
0.010047
-0.046979
0.0041007
0.010047
0.010047
-0.047277
-0.10902
0.048838
0.010047
0.010047
0.010047
0.0096831
0.010047
0.010047
0.010047
0.010047
0.010047
0.010047
0.010047
0.010047
0.010047
-0.046979
0.0041007
0.010047
0.010047
-0.047277
-0.12241
0.03545
-0.0033419
-0.0033419
-0.0033419
-0.048388
-0.0033419
-0.0033419
-0.0033419
-0.0033419
-0.0033419
-0.0033419
-0.0033419
-0.0033419
-0.0033419
0.40035
-0.15755
-0.0033419
-0.0033419
-0.060665
-0.14737
-0.031355
-0.028302
-0.028302
-0.028302
-0.028666
-0.028302
-0.028302
-0.028302
-0.028302
-0.028302
-0.028302
-0.028302
-0.028302
-0.028302
0.77198
-0.082739
-0.028302
-0.028302
-0.085625
-0.10826
0.089888
0.010805
0.010805
0.010805
0.010442
0.010805
0.010805
0.010805
0.010805
0.010805
0.010805
0.010805
0.010805
0.010805
-0.10168
0.0048592
0.010805
0.010805
-0.046518
-0.11266
-0.033251
0.0064103
0.0064103
0.0064103
0.0060467
0.0064103
0.0064103
0.0064103
0.0064103
0.0064103
0.0064103
0.0064103
0.0064103
0.0064103
0.057519
0.043511
0.0064103
0.0064103
-0.050913
-0.096489
0.061369
0.022577
0.022577
0.022577
0.21841
0.022577
0.022577
0.022577
0.022577
0.022577
0.022577
0.022577
0.022577
0.022577
-0.46319
-0.0014276
0.022577
0.022577
-0.034746
-0.12196
0.099242
-0.0028942
-0.0028942
-0.0028942
-0.0032578
-0.0028942
-0.0028942
-0.0028942
-0.0028942
-0.0028942
-0.0028942
-0.0028942
-0.0028942
-0.0028942
-0.072849
0.19956
-0.0028942
-0.0028942
-0.060217
-0.11729
0.040569
0.0017777
0.0017777
0.0017777
-0.0061234
0.0017777
0.0017777
0.0017777
0.0017777
0.0017777
0.0017777
0.0017777
0.0017777
0.0017777
-0.055248
0.16875
0.0017777
0.0017777
-0.055546
-0.12751
-0.03062
-0.0084388
-0.0084388
-0.0084388
-0.0088024
-0.0084388
-0.0084388
-0.0084388
-0.0084388
-0.0084388
-0.0084388
-0.0084388
-0.0084388
-0.0084388
0.54274
-0.1919
-0.0084388
-0.0084388
-0.065762
-0.10902
0.048838
0.010047
0.010047
0.010047
0.0096831
0.010047
0.010047
0.010047
0.010047
0.010047
0.010047
0.010047
0.010047
0.010047
-0.046979
0.0041007
0.010047
0.010047
-0.047277
-0.11199
0.021765
0.007076
0.007076
0.007076
0.016842
0.007076
0.007076
0.007076
0.007076
0.007076
0.007076
0.007076
0.007076
0.007076
0.023436
0.0011301
0.007076
0.007076
-0.050247
2.277
-0.72995
0.014742
0.014742
0.014742
0.014378
0.014742
0.014742
0.014742
0.014742
0.014742
0.014742
0.014742
0.014742
0.014742
-1.4133
-0.3119
0.014742
0.014742
-0.042581
-0.11575
0.04211
0.0033182
0.0033182
0.0033182
0.029865
0.0033182
0.0033182
0.0033182
0.0033182
0.0033182
0.0033182
0.0033182
0.0033182
0.0033182
0.11867
-0.067348
0.0033182
0.0033182
-0.054005
-0.16307
-0.0052143
-0.044006
-0.044006
-0.044006
-0.044369
-0.044006
-0.044006
-0.044006
-0.044006
-0.044006
-0.044006
-0.044006
-0.044006
-0.044006
-0.33054
0.11415
-0.044006
-0.044006
1.0451
-0.12048
0.037378
-0.0014138
-0.0014138
-0.0014138
-0.019962
-0.0014138
-0.0014138
-0.0014138
-0.0014138
-0.0014138
-0.0014138
-0.0014138
-0.0014138
-0.0014138
0.017094
0.1645
-0.0014138
-0.0014138
-0.058737
-0.15467
0.0031903
-0.035601
-0.035601
-0.035601
-0.16343
-0.035601
-0.035601
-0.035601
-0.035601
-0.035601
-0.035601
-0.035601
-0.035601
-0.035601
0.95496
-0.048717
-0.035601
-0.035601
-0.092924
-0.10206
0.055801
0.01701
0.01701
0.01701
0.016646
0.01701
0.01701
0.01701
0.01701
0.01701
0.01701
0.01701
0.01701
0.01701
-0.19726
0.029044
0.01701
0.01701
-0.040313
0.0032644
0.078128
0.0023166
0.0023166
0.0023166
0.0067401
0.0023166
0.0023166
0.0023166
0.0023166
0.0023166
0.0023166
0.0023166
0.0023166
0.0023166
-0.11041
0.097129
0.0023166
0.0023166
-0.10729
-0.00030091
0.045132
-0.0012488
-0.0012488
-0.0012488
-0.0253
-0.0012488
-0.0012488
-0.0012488
-0.0012488
-0.0012488
-0.0012488
-0.0012488
-0.0012488
-0.0012488
0.04561
0.063192
-0.0012488
-0.0012488
-0.11085
0.11024
-0.017528
-0.0086049
-0.0086049
-0.0086049
-0.081722
-0.0086049
-0.0086049
-0.0086049
-0.0086049
-0.0086049
-0.0086049
-0.0086049
-0.0086049
-0.0086049
0.43106
-0.20338
-0.0086049
-0.0086049
-0.11821
0.0063765
-0.0034944
0.0054286
0.0054286
0.0054286
-0.11397
0.0054286
0.0054286
0.0054286
0.0054286
0.0054286
0.0054286
0.0054286
0.0054286
0.0054286
0.50214
-0.36288
0.0054286
0.0054286
-0.10417
-0.0034692
-0.01334
-0.0044171
-0.0044171
-0.0044171
6.4641e-06
-0.0044171
-0.0044171
-0.0044171
-0.0044171
-0.0044171
-0.0044171
-0.0044171
-0.0044171
-0.0044171
0.31028
-0.11762
-0.0044171
-0.0044171
-0.11402
0.0068324
-0.0030385
0.0058845
0.0058845
0.0058845
0.066321
0.0058845
0.0058845
0.0058845
0.0058845
0.0058845
0.0058845
0.0058845
0.0058845
0.0058845
-0.25542
0.20664
0.0058845
0.0058845
-0.10372
0.0088816
0.053432
0.0079338
0.0079338
0.0079338
0.062349
0.0079338
0.0079338
0.0079338
0.0079338
0.0079338
0.0079338
0.0079338
0.0079338
0.0079338
-0.32031
0.18624
0.0079338
0.0079338
-0.10167
0.0048233
-0.073425
0.0038754
0.0038754
0.0038754
0.0082989
0.0038754
0.0038754
0.0038754
0.0038754
0.0038754
0.0038754
0.0038754
0.0038754
0.0038754
0.51381
-0.40204
0.0038754
0.0038754
-0.10573
0.28441
-0.22077
-0.065389
-0.065389
-0.065389
-0.060965
-0.065389
-0.065389
-0.065389
-0.065389
-0.065389
-0.065389
-0.065389
-0.065389
-0.065389
-0.85531
-0.24898
-0.065389
-0.065389
2.0171
-0.0014589
-0.01133
-0.0024068
-0.0024068
-0.0024068
-0.059927
-0.0024068
-0.0024068
-0.0024068
-0.0024068
-0.0024068
-0.0024068
-0.0024068
-0.0024068
-0.0024068
0.071149
0.14727
-0.0024068
-0.0024068
-0.11201
-0.0018314
0.072503
-0.0027792
-0.0027792
-0.0027792
-0.040416
-0.0027792
-0.0027792
-0.0027792
-0.0027792
-0.0027792
-0.0027792
-0.0027792
-0.0027792
-0.0027792
0.059373
0.061662
-0.0027792
-0.0027792
-0.11238
0.02435
0.0088624
0.023402
0.023402
0.023402
0.10843
0.023402
0.023402
0.023402
0.023402
0.023402
0.023402
0.023402
0.023402
0.023402
-0.53143
0.14836
0.023402
0.023402
-0.086201
-0.48507
-0.035995
-0.00031156
-0.00031156
-0.00031156
0.004112
-0.00031156
-0.00031156
-0.00031156
-0.00031156
-0.00031156
-0.00031156
-0.00031156
-0.00031156
-0.00031156
0.5671
0.064129
-0.00031156
-0.00031156
-0.10991
0.0076608
0.066881
0.006713
0.006713
0.006713
0.011137
0.006713
0.006713
0.006713
0.006713
0.006713
0.006713
0.006713
0.006713
0.006713
-0.20411
0.12734
0.006713
0.006713
-0.10289
0.046481
-0.096363
0.045534
0.045534
0.045534
0.049957
0.045534
0.045534
0.045534
0.045534
0.045534
0.045534
0.045534
0.045534
0.045534
-0.57991
0.0064382
0.045534
0.045534
-0.064069
0.0047211
0.025194
0.0037733
0.0037733
0.0037733
0.039556
0.0037733
0.0037733
0.0037733
0.0037733
0.0037733
0.0037733
0.0037733
0.0037733
0.0037733
-0.23023
0.21376
0.0037733
0.0037733
-0.10583
-0.011721
0.13936
-0.012669
-0.012669
-0.012669
0.084658
-0.012669
-0.012669
-0.012669
-0.012669
-0.012669
-0.012669
-0.012669
-0.012669
-0.012669
-0.22962
0.31696
-0.012669
-0.012669
-0.12227
0.0068056
-0.0030653
0.0058578
0.0058578
0.0058578
-0.055222
0.0058578
0.0058578
0.0058578
0.0058578
0.0058578
0.0058578
0.0058578
0.0058578
0.0058578
0.35176
-0.27855
0.0058578
0.0058578
-0.10374
-0.011466
-0.041204
-0.012414
-0.012414
-0.012414
-0.0079904
-0.012414
-0.012414
-0.012414
-0.012414
-0.012414
-0.012414
-0.012414
-0.012414
-0.012414
0.44744
-0.090966
-0.012414
-0.012414
-0.12202
0.00046979
0.030056
-0.00047806
-0.00047806
-0.00047806
0.0039455
-0.00047806
-0.00047806
-0.00047806
-0.00047806
-0.00047806
-0.00047806
-0.00047806
-0.00047806
-0.00047806
0.017016
0.065286
-0.00047806
-0.00047806
-0.11008
