n
16
q_list
2 2 2 2 2 2 2 2 2 2 2 2 2 2 2 2
site_combn
1
2
3
4
5
6
7
8
9
10
11
12
13
14
15
16
1 2
1 3
1 4
1 5
1 6
1 7
1 8
1 9
1 10
1 11
1 12
1 13
1 14
1 15
1 16
2 3
2 4
2 5
2 6
2 7
2 8
2 9
2 10
2 11
2 12
2 13
2 14
2 15
2 16
3 4
3 5
3 6
3 7
3 8
3 9
3 10
3 11
3 12
3 13
3 14
3 15
3 16
4 5
4 6
4 7
4 8
4 9
4 10
4 11
4 12
4 13
4 14
4 15
4 16
5 6
5 7
5 8
5 9
5 10
5 11
5 12
5 13
5 14
5 15
5 16
6 7
6 8
6 9
6 10
6 11
6 12
6 13
6 14
6 15
6 16
7 8
7 9
7 10
7 11
7 12
7 13
7 14
7 15
7 16
8 9
8 10
8 11
8 12
8 13
8 14
8 15
8 16
9 10
9 11
9 12
9 13
9 14
9 15
9 16
10 11
10 12
10 13
10 14
10 15
10 16
11 12
11 13
11 14
11 15
11 16
12 13
12 14
12 15
12 16
13 14
13 15
13 16
14 15
14 16
15 16
1 2 3
1 2 4
1 2 5
1 2 6
1 2 7
1 2 8
1 2 9
1 2 10
1 2 11
1 2 12
1 2 13
1 2 14
1 2 15
1 2 16
1 3 4
1 3 5
1 3 6
1 3 7
1 3 8
1 3 9
1 3 10
1 3 11
1 3 12
1 3 13
1 3 14
1 3 15
1 3 16
1 4 5
1 4 6
1 4 7
1 4 8
1 4 9
1 4 10
1 4 11
1 4 12
1 4 13
1 4 14
1 4 15
1 4 16
1 5 6
1 5 7
1 5 8
1 5 9
1 5 10
1 5 11
1 5 12
1 5 13
1 5 14
1 5 15
1 5 16
1 6 7
1 6 8
1 6 9
1 6 10
1 6 11
1 6 12
1 6 13
1 6 14
1 6 15
1 6 16
1 7 8
1 7 9
1 7 10
1 7 11
1 7 12
1 7 13
1 7 14
1 7 15
1 7 16
1 8 9
1 8 10
1 8 11
1 8 12
1 8 13
1 8 14
1 8 15
1 8 16
1 9 10
1 9 11
1 9 12
1 9 13
1 9 14
1 9 15
1 9 16
1 10 11
1 10 12
1 10 13
1 10 14
1 10 15
1 10 16
1 11 12
1 11 13
1 11 14
1 11 15
1 11 16
1 12 13
1 12 14
1 12 15
1 12 16
1 13 14
1 13 15
1 13 16
1 14 15
1 14 16
1 15 16
2 3 4
2 3 5
2 3 6
2 3 7
2 3 8
2 3 9
2 3 10
2 3 11
2 3 12
2 3 13
2 3 14
2 3 15
2 3 16
2 4 5
2 4 6
2 4 7
2 4 8
2 4 9
2 4 10
2 4 11
2 4 12
2 4 13
2 4 14
2 4 15
2 4 16
2 5 6
2 5 7
2 5 8
2 5 9
2 5 10
2 5 11
2 5 12
2 5 13
2 5 14
2 5 15
2 5 16
2 6 7
2 6 8
2 6 9
2 6 10
2 6 11
2 6 12
2 6 13
2 6 14
2 6 15
2 6 16
2 7 8
2 7 9
2 7 10
2 7 11
2 7 12
2 7 13
2 7 14
2 7 15
2 7 16
2 8 9
2 8 10
2 8 11
2 8 12
2 8 13
2 8 14
2 8 15
2 8 16
2 9 10
2 9 11
2 9 12
2 9 13
2 9 14
2 9 15
2 9 16
2 10 11
2 10 12
2 10 13
2 10 14
2 10 15
2 10 16
2 11 12
2 11 13
2 11 14
2 11 15
2 11 16
2 12 13
2 12 14
2 12 15
2 12 16
2 13 14
2 13 15
2 13 16
2 14 15
2 14 16
2 15 16
3 4 5
3 4 6
3 4 7
3 4 8
3 4 9
3 4 10
3 4 11
3 4 12
3 4 13
3 4 14
3 4 15
3 4 16
3 5 6
3 5 7
3 5 8
3 5 9
3 5 10
3 5 11
3 5 12
3 5 13
3 5 14
3 5 15
3 5 16
3 6 7
3 6 8
3 6 9
3 6 10
3 6 11
3 6 12
3 6 13
3 6 14
3 6 15
3 6 16
3 7 8
3 7 9
3 7 10
3 7 11
3 7 12
3 7 13
3 7 14
3 7 15
3 7 16
3 8 9
3 8 10
3 8 11
3 8 12
3 8 13
3 8 14
3 8 15
3 8 16
3 9 10
3 9 11
3 9 12
3 9 13
3 9 14
3 9 15
3 9 16
3 10 11
3 10 12
3 10 13
3 10 14
3 10 15
3 10 16
3 11 12
3 11 13
3 11 14
3 11 15
3 11 16
3 12 13
3 12 14
3 12 15
3 12 16
3 13 14
3 13 15
3 13 16
3 14 15
3 14 16
3 15 16
4 5 6
4 5 7
4 5 8
4 5 9
4 5 10
4 5 11
4 5 12
4 5 13
4 5 14
4 5 15
4 5 16
4 6 7
4 6 8
4 6 9
4 6 10
4 6 11
4 6 12
4 6 13
4 6 14
4 6 15
4 6 16
4 7 8
4 7 9
4 7 10
4 7 11
4 7 12
4 7 13
4 7 14
4 7 15
4 7 16
4 8 9
4 8 10
4 8 11
4 8 12
4 8 13
4 8 14
4 8 15
4 8 16
4 9 10
4 9 11
4 9 12
4 9 13
4 9 14
4 9 15
4 9 16
4 10 11
4 10 12
4 10 13
4 10 14
4 10 15
4 10 16
4 11 12
4 11 13
4 11 14
4 11 15
4 11 16
4 12 13
4 12 14
4 12 15
4 12 16
4 13 14
4 13 15
4 13 16
4 14 15
4 14 16
4 15 16
5 6 7
5 6 8
5 6 9
5 6 10
5 6 11
5 6 12
5 6 13
5 6 14
5 6 15
5 6 16
5 7 8
5 7 9
5 7 10
5 7 11
5 7 12
5 7 13
5 7 14
5 7 15
5 7 16
5 8 9
5 8 10
5 8 11
5 8 12
5 8 13
5 8 14
5 8 15
5 8 16
5 9 10
5 9 11
5 9 12
5 9 13
5 9 14
5 9 15
5 9 16
5 10 11
5 10 12
5 10 13
5 10 14
5 10 15
5 10 16
5 11 12
5 11 13
5 11 14
5 11 15
5 11 16
5 12 13
5 12 14
5 12 15
5 12 16
5 13 14
5 13 15
5 13 16
5 14 15
5 14 16
5 15 16
6 7 8
6 7 9
6 7 10
6 7 11
6 7 12
6 7 13
6 7 14
6 7 15
6 7 16
6 8 9
6 8 10
6 8 11
6 8 12
6 8 13
6 8 14
6 8 15
6 8 16
6 9 10
6 9 11
6 9 12
6 9 13
6 9 14
6 9 15
6 9 16
6 10 11
6 10 12
6 10 13
6 10 14
6 10 15
6 10 16
6 11 12
6 11 13
6 11 14
6 11 15
6 11 16
6 12 13
6 12 14
6 12 15
6 12 16
6 13 14
6 13 15
6 13 16
6 14 15
6 14 16
6 15 16
7 8 9
7 8 10
7 8 11
7 8 12
7 8 13
7 8 14
7 8 15
7 8 16
7 9 10
7 9 11
7 9 12
7 9 13
7 9 14
7 9 15
7 9 16
7 10 11
7 10 12
7 10 13
7 10 14
7 10 15
7 10 16
7 11 12
7 11 13
7 11 14
7 11 15
7 11 16
7 12 13
7 12 14
7 12 15
7 12 16
7 13 14
7 13 15
7 13 16
7 14 15
7 14 16
7 15 16
8 9 10
8 9 11
8 9 12
8 9 13
8 9 14
8 9 15
8 9 16
8 10 11
8 10 12
8 10 13
8 10 14
8 10 15
8 10 16
8 11 12
8 11 13
8 11 14
8 11 15
8 11 16
8 12 13
8 12 14
8 12 15
8 12 16
8 13 14
8 13 15
8 13 16
8 14 15
8 14 16
8 15 16
9 10 11
9 10 12
9 10 13
9 10 14
9 10 15
9 10 16
9 11 12
9 11 13
9 11 14
9 11 15
9 11 16
9 12 13
9 12 14
9 12 15
9 12 16
9 13 14
9 13 15
9 13 16
9 14 15
9 14 16
9 15 16
10 11 12
10 11 13
10 11 14
10 11 15
10 11 16
10 12 13
10 12 14
10 12 15
10 12 16
10 13 14
10 13 15
10 13 16
10 14 15
10 14 16
10 15 16
11 12 13
11 12 14
11 12 15
11 12 16
11 13 14
11 13 15
11 13 16
11 14 15
11 14 16
11 15 16
12 13 14
12 13 15
12 13 16
12 14 15
12 14 16
12 15 16
13 14 15
13 14 16
13 15 16
14 15 16
nonspec_type
2
nonspec_param
6.7944 2.744
e
2.4966
-0.0088678
0.083318
0.017133
0.68416
0.18899
0.07768
-0.17093
0.020807
0.84902
1.4986
0.028129
0.022633
0.012171
0.013052
0.0063151
0.0044108
0.055494
0.040459
0.36047
-0.010114
-0.068481
0
0.00018168
0.28653
0.23687
0
0.028017
-0.0036294
0.011391
-0.011255
0.051039
-0.013983
0.033248
0.022357
-0.0068741
-0.015121
0.0022095
-0.0016079
0.059746
-0.013647
0.019779
0
-0.00074456
0.00038639
-0.00075609
-0.037088
0.025813
0.0074074
0.0019704
0.00042184
-0.060421
-0.088507
-0.0046297
0
0.002114
-0.00084671
0.003016
0.010071
0.12728
0.44311
0.14027
-0.0047268
-0.07393
-0.21427
-0.019737
0.054929
0.0088356
0.0042955
0.023222
-0.11306
0.14653
-0.020088
-0.0044497
0.0039863
0.024462
0.00024589
0.013766
0.0015119
0.0057797
0.0030538
-0.0010146
-0.036524
0.0051176
-0.04291
0.09225
-0.013798
0.022206
0.0058436
0.0038958
-0.0036587
-0.0089134
-0.0079005
0.10896
0.098827
0.0021812
-0.018226
-0.0021661
0.0018373
-0.0074427
-0.010184
0.013727
0.018209
-0.0031338
4.0285e-05
-0.0023071
0.00057534
0.0011754
-0.0042377
-0.072685
0.05079
-0.03643
0.0021478
0
0.013945
0.051614
0.01147
0.0018886
-0.0007943
-0.009161
0.024808
0.01045
0.0070657
0.0017094
-0.0012697
0.00098001
-0.0029649
-2.6483e-05
-0.0046311
0.000685
0.00237
0.0024415
-0.0045932
0.0038487
0.00017625
0.0006466
-0.0041539
0.0089166
0.026104
-0.0071359
0.0095692
-0.0090603
0.0039354
-0.038571
-0.0077355
0.011481
0.043686
0.00097217
0.00061294
0.00016489
-0.007596
-0.0045985
-0.015615
-0.0096329
-0.0021265
0.0018365
-0.0015754
-0.060988
-0.0035467
-0.0078092
0.0014167
-0.0017547
0.0022202
-0.009619
-0.030013
-0.022599
-0.091806
-0.010783
0.027563
-0.037785
-0.002423
0.012379
0.0015898
-0.0036168
-0.01654
0.029862
-0.029732
-0.0024288
0.002781
0.016963
0.043822
0.0043626
0.0021124
-0.0023068
-0.0021124
-0.001007
-0.0042157
-0.011975
-0.0040401
-0.042733
-0.018492
-0.00030298
-0.0085015
0.0010629
-0.0013565
0.0015371
-0.016261
-0.0013991
-0.090671
-0.057821
-0.0031675
-0.00095634
0.004359
-0.00048009
0.0017569
-0.0050246
-0.002848
0.0042661
0.0051319
0.0043238
0.002346
-0.001457
0.0010667
0
-0.0057759
-0.00033619
0.015428
0.0020425
-0.0026306
-0.013443
-0.016738
0.0082969
0.0062971
0.0040378
-0.011806
0.0036789
-0.033574
0.0056467
0.0028966
-0.0016248
9.3116e-05
-0.000596
0.00088855
-0.0017503
0.0018299
1.638e-06
0.0006306
0.00022188
0.00033872
-0.00065449
-0.0023088
0
-0.028816
-0.0075865
-0.0080419
-0.00046344
-0.00041392
0.026045
0.014152
-0.00010976
0.0039509
0.0025195
0.0023
-0.00054982
0.00037075
-0.022572
-0.02625
0.0072523
-0.0020817
-0.0059044
0.0030369
-0.011051
-0.0061425
-0.0023217
-0.00019511
-0.0026198
-0.007718
-0.013079
-0.0039669
0
0.0033099
-0.0020257
0.0028962
0.0012594
0.00072378
0.00072947
0.0037231
-0.0004506
0.0088488
-0.0018197
0.019411
0
-0.00032919
1.2475e-05
-0.0031039
0.0016769
0.0021258
-0.0025089
0.00027213
0.0042081
-0.0070215
8.4356e-05
-0.00043315
0.00029658
0.00030668
-0.001296
-0.0039264
-0.0036024
-0.00035334
-0.00029844
0.00094303
-0.0028807
0.0013973
0.00073241
0.0005609
0.016293
0.0084809
-0.027434
-0.0008838
0.00096384
0.00011608
0.0025768
-0.0025724
-0.0079252
-0.0013977
0.0018314
-0.0056251
0.0029676
0.008354
0.00065802
0.00012488
0.0003187
-0.0012973
0.00082237
0.0019235
0.0013882
0.0019075
-0.0038439
-0.0010172
-0.00083476
-0.00034165
-0.0011537
-0.0016891
-0.022741
-0.0083805
0.017671
-0.004102
0.042477
-0.0057009
0.0022525
-0.0063492
-0.0045375
0
0.0012265
-0.00047566
-0.0085808
-0.011193
0.001555
0.01176
0.011243
0.0030901
0.00031376
0.00023455
-0.00097304
0.0011878
0.0005627
0.010936
-0.0018468
0.0039233
0.0023728
-0.0017296
-0.0031725
-0.0019315
0.0028081
-0.001368
-0.0024749
-8.2156e-05
-0.0090919
-0.010793
-0.0028375
0.0023231
0
0.0025824
-0.0010071
-0.00041209
-0.0035046
-0.003466
0.00040345
0.00046082
-0.0012535
-5.4254e-05
-0.00012467
0.0010073
0.053899
-0.00443
-0.00014554
-0.001417
0.0010003
-0.00096397
-0.00032204
-0.0065875
-0.0039816
-0.0055138
0.00066714
-0.0031443
-0.0012113
-0.0011253
0.0021432
0.00034542
-0.00036705
1.2736e-05
0.0015993
0.00064515
0.0026651
-0.0029578
0.00047788
0.0020855
-0.0014592
-0.00080912
0.00068357
-0.0012716
-0.17123
-0.0080595
0.002758
0.019457
0.075741
0.00046975
-0.023944
0.0011878
-0.001132
-0.0041511
0.0047942
0.061865
0.0060955
-0.012704
0.052366
0.0086354
-0.018961
-0.0047579
-0.0035115
-0.0062068
-0.007936
0.0028246
-0.020961
0.015296
-0.0033628
0.0091265
0.0002452
-0.00081296
-0.0026
0.009792
0.00039934
0.0060983
-0.0026071
0.00090091
-0.00031575
0.0021057
-0.00040545
0.0015758
0.21481
0.002969
0.021223
-0.0039458
0.0026037
-0.0033801
0.010108
-0.0091632
-0.017256
-0.0065221
-0.0022651
0.0036436
0.04225
0.00053186
-0.0038049
0.0023601
-5.6496e-05
0.005586
-0.00027312
0.0040946
0.0012068
0.0062342
0.0020813
0.0015855
0.0018368
0.0044283
0.0047256
0.0018461
-0.021839
0.0036018
-0.0007769
0.025322
-0.0016909
-0.0084805
0
-0.0022679
-0.0046716
-0.00041014
0.0035029
0.00035626
0.01259
0.00049113
-0.0080162
0.00023541
0.00082201
-0.00018197
-0.0046247
-2.9656e-05
0.0020676
0.00034009
0.0010649
0.00056618
-0.001461
-0.00085084
0.0010272
-0.070328
-0.0017057
0.0025738
0.0015497
-0.0015539
-0.000235
0.0013984
-0.0067856
-0.00070159
0.0014249
0.0012407
-0.0020238
0.0018937
-0.0031621
-0.0015419
0.0008685
-0.00072788
-0.0014828
-0.00018778
-0.0015917
0.00011458
-0.0041961
0.00094779
-0.0019801
0.0008783
-0.0018208
-0.00060068
0
0.003794
0.0048504
-0.0065544
-0.0033568
0.0093458
-0.0025748
-0.0027005
0
-0.0034696
0.0031729
0.0058551
0.00077203
0.002208
0.00010845
0.002901
-0.0018085
0.0016558
-0.085717
0.0057433
0.012469
0.0010312
-0.0019602
0.0046191
0.014945
-0.002013
0.002352
0
0.0027992
-0.0010575
0.02223
-0.0014702
0.00011699
0
0.00037748
0.0014617
-0.00074744
0.0057552
0.00021691
-0.00097042
0.00059039
-0.0020948
0.0026702
0.0042324
0.0030395
-0.00035759
0.003181
0.0045669
0.0019263
6.9594e-05
0.0011026
0.0038228
-0.0015489
0.0020506
-0.035272
0.0014178
0.00022524
-0.00066018
0.0015554
-0.00041103
0.00097358
-0.00054291
0
-0.00092226
-0.00065534
0.0014609
0.010742
-0.0039449
-0.0010052
-0.0018378
-0.00048053
-0.00023943
1.7166e-05
0.0018157
-0.00032722
0.0029043
0.00027197
-0.00090483
0.00095768
0.0021727
0.0024299
0.00049508
0.0026981
0.003436
0.00084203
0
0.0030095
0.00027269
8.7937e-05
-0.0024303
-7.5637e-05
0.00027801
-3.6329e-05
-0.00052612
0.0032973
0.00014014
0.0032893
0.0016945
-0.00072228
-0.0022801
0.0014446
-0.0012284
0
-0.0028639
0.0013561
0.00080698
-0.0020274
0.0019773
0.00019252
0
-0.0033081
0.029333
-0.002846
-0.0021599
0.0052238
-0.019062
0.01569
-0.0039129
-7.0786e-05
-7.4943e-05
-0.0010941
6.8742e-05
0.00090454
0.00063325
0.0043927
-0.0016262
0.0027373
0.0015792
-0.00034024
0.0024827
0
-0.00064268
-0.0046413
0.0014208
-0.0045669
-6.4225e-05
-0.0040037
0.0046603
0.00038097
0.00083288
-0.0012197
0.006712
-0.0032457
0.0016139
0.0017353
0.0051922
0.00048804
-0.0022051
-0.0025777
-0.0024578
0.00024532
-0.0035649
-5.5702e-05
-0.00033921
-0.00096274
0.00048973
0.0013283
-2.1622e-06
-0.00011331
0
0.00057253
-0.0023409
-0.004255
-0.00027566
-0.00031294
-0.0012135
