n
16
q_list
2 2 2 2 2 2 2 2 2 2 2 2 2 2 2 2
site_combn
1
2
3
4
5
6
7
8
9
10
11
12
13
14
15
16
1 2
1 3
1 4
1 5
1 6
1 7
1 8
1 9
1 10
1 11
1 12
1 13
1 14
1 15
1 16
2 3
2 4
2 5
2 6
2 7
2 8
2 9
2 10
2 11
2 12
2 13
2 14
2 15
2 16
3 4
3 5
3 6
3 7
3 8
3 9
3 10
3 11
3 12
3 13
3 14
3 15
3 16
4 5
4 6
4 7
4 8
4 9
4 10
4 11
4 12
4 13
4 14
4 15
4 16
5 6
5 7
5 8
5 9
5 10
5 11
5 12
5 13
5 14
5 15
5 16
6 7
6 8
6 9
6 10
6 11
6 12
6 13
6 14
6 15
6 16
7 8
7 9
7 10
7 11
7 12
7 13
7 14
7 15
7 16
8 9
8 10
8 11
8 12
8 13
8 14
8 15
8 16
9 10
9 11
9 12
9 13
9 14
9 15
9 16
10 11
10 12
10 13
10 14
10 15
10 16
11 12
11 13
11 14
11 15
11 16
12 13
12 14
12 15
12 16
13 14
13 15
13 16
14 15
14 16
15 16
nonspec_type
2
nonspec_param
6.8505 2.6762
e
2.7764
-0.06808
0.085594
0.10009
0.86452
0.049844
-0.030359
-0.25315
0.015089
1.1483
1.8225
0.019051
0.040722
0
0.0088913
-0.011044
0.031241
0.044193
-0.0035275
0.33501
0.049623
-0.093645
-0.081856
0.0050946
0.29459
0.15333
0.0067078
0.043208
-0.00038367
0.00046359
-0.010449
0.023552
0.00090739
0.0090395
0.012831
-0.019405
-0.01883
0
0.0032305
0.084791
-0.010873
0.0062789
-0.0010774
0.00055388
-0.0038605
0.00062935
-0.041231
0.024101
0
-0.0015454
-0.0037683
0.0024521
-0.02602
-0.0095956
-0.0068186
-0.0028642
-0.00037016
0
0.0075261
0.16887
0.42343
0.096205
-0.0035355
0.15467
0
-0.021148
0.048357
0.00058208
0
0.014931
-0.072334
0.12803
0.0163
-0.00075102
-0.079681
-0.065078
-0.0041743
0.0068502
0.00051582
0.0025596
0.0011425
-0.00069771
-0.023681
0.012008
-0.16411
0.036683
-0.0066182
0.015037
0.0043032
0.00373
-0.0019091
0.010139
-0.0023203
0.003105
0.014592
0.00034627
-0.015191
-0.00098598
0.0010664
-0.0047401
0.00052125
0.010182
0.0095622
-0.0036591
0.00010559
-0.00096321
0.00052081
0
-0.00024534
0.21529
0.05008
0.010561
0
-0.0041216
0.0061966
0.034691
-0.00089244
0.020453
-0.0073366
-0.011987
0.012737
0.038906
0.013518
-0.0030465
0
-0.0022761
-0.00092318
-0.0035193
-2.9059e-05
0.0021767
0.004671
0.00072148
0.001948
0.001553
0.0011221
0.0018
0
