1,10,1,10
1,10,1,4
1,10,1,8
1,10,1,1
1,10,1,18
1,10,1,11
1,10,1,5
1,10,1,19
1,10,1,9
1,10,1,15
1,10,3,10
1,10,3,4
1,10,3,8
1,10,3,1
1,10,3,18
1,10,3,11
1,10,3,5
1,10,3,19
1,10,3,9
1,10,3,15
1,10,14,10
1,10,14,4
1,10,14,8
1,10,14,1
1,10,14,18
1,10,14,11
1,10,14,5
1,10,14,19
1,10,14,9
1,10,14,15
1,10,4,10
1,10,4,4
1,10,4,8
1,10,4,1
1,10,4,18
1,10,4,11
1,10,4,5
1,10,4,19
1,10,4,9
1,10,4,15
1,10,10,10
1,10,10,4
1,10,10,8
1,10,10,1
1,10,10,18
1,10,10,11
1,10,10,5
1,10,10,19
1,10,10,9
1,10,10,15
1,10,8,10
1,10,8,4
1,10,8,8
1,10,8,1
1,10,8,18
1,10,8,11
1,10,8,5
1,10,8,19
1,10,8,9
1,10,8,15
1,10,15,10
1,10,15,4
1,10,15,8
1,10,15,1
1,10,15,18
1,10,15,11
1,10,15,5
1,10,15,19
1,10,15,9
1,10,15,15
1,10,20,10
1,10,20,4
1,10,20,8
1,10,20,1
1,10,20,18
1,10,20,11
1,10,20,5
1,10,20,19
1,10,20,9
1,10,20,15
1,10,9,10
1,10,9,4
1,10,9,8
1,10,9,1
1,10,9,18
1,10,9,11
1,10,9,5
1,10,9,19
1,10,9,9
1,10,9,15
1,10,18,10
1,10,18,4
1,10,18,8
1,10,18,1
1,10,18,18
1,10,18,11
1,10,18,5
1,10,18,19
1,10,18,9
1,10,18,15
1,10,17,10
1,10,17,4
1,10,17,8
1,10,17,1
1,10,17,18
1,10,17,11
1,10,17,5
1,10,17,19
1,10,17,9
1,10,17,15
1,10,11,10
1,10,11,4
1,10,11,8
1,10,11,1
1,10,11,18
1,10,11,11
1,10,11,5
1,10,11,19
1,10,11,9
1,10,11,15
1,10,16,10
1,10,16,4
1,10,16,8
1,10,16,1
1,10,16,18
1,10,16,11
1,10,16,5
1,10,16,19
1,10,16,9
1,10,16,15
1,8,1,10
1,8,1,4
1,8,1,8
1,8,1,1
1,8,1,18
1,8,1,11
1,8,1,5
1,8,1,19
1,8,1,9
1,8,1,15
1,8,3,10
1,8,3,4
1,8,3,8
1,8,3,1
1,8,3,18
1,8,3,11
1,8,3,5
1,8,3,19
1,8,3,9
1,8,3,15
1,8,14,10
1,8,14,4
1,8,14,8
1,8,14,1
1,8,14,18
1,8,14,11
1,8,14,5
1,8,14,19
1,8,14,9
1,8,14,15
1,8,4,10
1,8,4,4
1,8,4,8
1,8,4,1
1,8,4,18
1,8,4,11
1,8,4,5
1,8,4,19
1,8,4,9
1,8,4,15
1,8,10,10
1,8,10,4
1,8,10,8
1,8,10,1
1,8,10,18
1,8,10,11
1,8,10,5
1,8,10,19
1,8,10,9
1,8,10,15
1,8,8,10
1,8,8,4
1,8,8,8
1,8,8,1
1,8,8,18
1,8,8,11
1,8,8,5
1,8,8,19
1,8,8,9
1,8,8,15
1,8,15,10
1,8,15,4
1,8,15,8
1,8,15,1
1,8,15,18
1,8,15,11
1,8,15,5
1,8,15,19
1,8,15,9
1,8,15,15
1,8,20,10
1,8,20,4
1,8,20,8
1,8,20,1
1,8,20,18
1,8,20,11
1,8,20,5
1,8,20,19
1,8,20,9
1,8,20,15
1,8,9,10
1,8,9,4
1,8,9,8
1,8,9,1
1,8,9,18
1,8,9,11
1,8,9,5
1,8,9,19
1,8,9,9
1,8,9,15
1,8,18,10
1,8,18,4
1,8,18,8
1,8,18,1
1,8,18,18
1,8,18,11
1,8,18,5
1,8,18,19
1,8,18,9
1,8,18,15
1,8,17,10
1,8,17,4
1,8,17,8
1,8,17,1
1,8,17,18
1,8,17,11
1,8,17,5
1,8,17,19
1,8,17,9
1,8,17,15
1,8,11,10
1,8,11,4
1,8,11,8
1,8,11,1
1,8,11,18
1,8,11,11
1,8,11,5
1,8,11,19
1,8,11,9
1,8,11,15
1,8,16,10
1,8,16,4
1,8,16,8
1,8,16,1
1,8,16,18
1,8,16,11
1,8,16,5
1,8,16,19
1,8,16,9
1,8,16,15
1,18,1,10
1,18,1,4
1,18,1,8
1,18,1,1
1,18,1,18
1,18,1,11
1,18,1,5
1,18,1,19
1,18,1,9
1,18,1,15
1,18,3,10
1,18,3,4
1,18,3,8
1,18,3,1
1,18,3,18
1,18,3,11
1,18,3,5
1,18,3,19
1,18,3,9
1,18,3,15
1,18,14,10
1,18,14,4
1,18,14,8
1,18,14,1
1,18,14,18
1,18,14,11
1,18,14,5
1,18,14,19
1,18,14,9
1,18,14,15
1,18,4,10
1,18,4,4
1,18,4,8
1,18,4,1
1,18,4,18
1,18,4,11
1,18,4,5
1,18,4,19
1,18,4,9
1,18,4,15
1,18,10,10
1,18,10,4
1,18,10,8
1,18,10,1
1,18,10,18
1,18,10,11
1,18,10,5
1,18,10,19
1,18,10,9
1,18,10,15
1,18,8,10
1,18,8,4
1,18,8,8
1,18,8,1
1,18,8,18
1,18,8,11
1,18,8,5
1,18,8,19
1,18,8,9
1,18,8,15
1,18,15,9
1,18,20,10
1,18,20,4
1,18,20,8
1,18,20,1
1,18,20,18
1,18,20,11
1,18,20,5
1,18,20,19
1,18,20,9
1,18,20,15
1,18,9,10
1,18,9,4
1,18,9,8
1,18,9,1
1,18,9,18
1,18,9,11
1,18,9,5
1,18,9,19
1,18,9,9
1,18,9,15
1,18,18,10
1,18,18,4
1,18,18,8
1,18,18,1
1,18,18,18
1,18,18,11
1,18,18,5
1,18,18,19
1,18,18,9
1,18,18,15
1,18,17,10
1,18,17,4
1,18,17,8
1,18,17,1
1,18,17,18
1,18,17,11
1,18,17,5
1,18,17,19
1,18,17,9
1,18,17,15
1,18,11,10
1,18,11,4
1,18,11,8
1,18,11,1
1,18,11,18
1,18,11,11
1,18,11,5
1,18,11,19
1,18,11,9
1,18,11,15
1,18,16,10
1,18,16,4
1,18,16,8
1,18,16,1
1,18,16,18
1,18,16,11
1,18,16,5
1,18,16,19
1,18,16,9
1,18,16,15
1,1,1,10
1,1,1,4
1,1,1,8
1,1,1,1
1,1,1,18
1,1,1,11
1,1,1,5
1,1,1,19
1,1,1,9
1,1,1,15
1,1,3,10
1,1,3,4
1,1,3,8
1,1,3,1
1,1,3,18
1,1,3,11
1,1,3,5
1,1,3,19
1,1,3,9
1,1,3,15
1,1,14,10
1,1,14,4
1,1,14,8
1,1,14,1
1,1,14,18
1,1,14,11
1,1,14,5
1,1,14,19
1,1,14,9
1,1,14,15
1,1,4,10
1,1,4,4
1,1,4,8
1,1,4,1
1,1,4,18
1,1,4,11
1,1,4,5
1,1,4,19
1,1,4,9
1,1,4,15
1,1,10,10
1,1,10,4
1,1,10,8
1,1,10,1
1,1,10,18
1,1,10,11
1,1,10,5
1,1,10,19
1,1,10,9
1,1,10,15
1,1,8,10
1,1,8,4
1,1,8,8
1,1,8,1
1,1,8,18
1,1,8,11
1,1,8,5
1,1,8,19
1,1,8,9
1,1,8,15
1,1,20,10
1,1,20,4
1,1,20,8
1,1,20,1
1,1,20,18
1,1,20,11
1,1,20,5
1,1,20,19
1,1,20,9
1,1,20,15
1,1,9,10
1,1,9,4
1,1,9,8
1,1,9,1
1,1,9,18
1,1,9,11
1,1,9,5
1,1,9,19
1,1,9,9
1,1,9,15
1,1,18,10
1,1,18,4
1,1,18,8
1,1,18,1
1,1,18,18
1,1,18,11
1,1,18,5
1,1,18,19
1,1,18,9
1,1,18,15
1,1,17,10
1,1,17,4
1,1,17,8
1,1,17,1
1,1,17,18
1,1,17,11
1,1,17,5
1,1,17,19
1,1,17,9
1,1,17,15
1,1,11,10
1,1,11,4
1,1,11,8
1,1,11,1
1,1,11,18
1,1,11,11
1,1,11,5
1,1,11,19
1,1,11,9
1,1,11,15
1,1,16,10
1,1,16,4
1,1,16,8
1,1,16,1
1,1,16,18
1,1,16,11
1,1,16,5
1,1,16,19
1,1,16,9
1,1,16,15
1,19,1,10
1,19,1,4
1,19,1,8
1,19,1,1
1,19,1,18
1,19,1,11
1,19,1,5
1,19,1,19
1,19,1,9
1,19,1,15
1,19,3,10
1,19,3,4
1,19,3,8
1,19,3,1
1,19,3,18
1,19,3,11
1,19,3,5
1,19,3,19
1,19,3,9
1,19,3,15
1,19,14,10
1,19,14,8
1,19,14,1
1,19,14,18
1,19,14,11
1,19,14,5
1,19,14,9
1,19,14,15
1,19,4,10
1,19,4,4
1,19,4,8
1,19,4,1
1,19,4,18
1,19,4,11
1,19,4,5
1,19,4,19
1,19,4,9
1,19,4,15
1,19,10,10
1,19,10,4
1,19,10,8
1,19,10,1
1,19,10,18
1,19,10,11
1,19,10,5
1,19,10,19
1,19,10,9
1,19,10,15
1,19,8,10
1,19,8,4
1,19,8,8
1,19,8,1
1,19,8,18
1,19,8,11
1,19,8,5
1,19,8,19
1,19,8,9
1,19,8,15
1,19,15,10
1,19,15,4
1,19,15,8
1,19,15,1
1,19,15,18
1,19,15,11
1,19,15,5
1,19,15,19
1,19,15,9
1,19,15,15
1,19,20,10
1,19,20,4
1,19,20,8
1,19,20,1
1,19,20,18
1,19,20,11
1,19,20,5
1,19,20,19
1,19,20,9
1,19,20,15
1,19,9,10
1,19,9,4
1,19,9,8
1,19,9,1
1,19,9,18
1,19,9,11
1,19,9,5
1,19,9,19
1,19,9,9
1,19,9,15
1,19,18,10
1,19,18,4
1,19,18,8
1,19,18,1
1,19,18,18
1,19,18,11
1,19,18,5
1,19,18,19
1,19,18,9
1,19,18,15
1,19,17,10
1,19,17,4
1,19,17,8
1,19,17,1
1,19,17,18
1,19,17,11
1,19,17,5
1,19,17,19
1,19,17,9
1,19,17,15
1,19,11,10
1,19,11,4
1,19,11,8
1,19,11,1
1,19,11,18
1,19,11,11
1,19,11,5
1,19,11,19
1,19,11,9
1,19,11,15
1,19,16,10
1,19,16,4
1,19,16,8
1,19,16,1
1,19,16,18
1,19,16,11
1,19,16,5
1,19,16,19
1,19,16,9
1,19,16,15
1,17,1,10
1,17,1,4
1,17,1,8
1,17,1,1
1,17,1,18
1,17,1,11
1,17,1,5
1,17,1,19
1,17,1,9
1,17,1,15
1,17,3,10
1,17,3,4
1,17,3,8
1,17,3,1
1,17,3,18
1,17,3,11
1,17,3,5
1,17,3,19
1,17,3,9
1,17,3,15
1,17,14,10
1,17,14,4
1,17,14,8
1,17,14,1
1,17,14,18
1,17,14,11
1,17,14,5
1,17,14,19
1,17,14,9
1,17,14,15
1,17,4,10
1,17,4,4
1,17,4,8
1,17,4,1
1,17,4,18
1,17,4,11
1,17,4,5
1,17,4,19
1,17,4,9
1,17,4,15
1,17,10,10
1,17,10,4
1,17,10,8
1,17,10,1
1,17,10,18
1,17,10,11
1,17,10,5
1,17,10,19
1,17,10,9
1,17,10,15
1,17,8,10
1,17,8,4
1,17,8,8
1,17,8,1
1,17,8,18
1,17,8,11
1,17,8,5
1,17,8,19
1,17,8,9
1,17,8,15
1,17,15,10
1,17,15,4
1,17,15,8
1,17,15,1
1,17,15,18
1,17,15,11
1,17,15,5
1,17,15,19
1,17,15,9
1,17,15,15
1,17,20,10
1,17,20,4
1,17,20,8
1,17,20,1
1,17,20,18
1,17,20,11
1,17,20,5
1,17,20,19
1,17,20,9
1,17,20,15
1,17,9,10
1,17,9,4
1,17,9,8
1,17,9,1
1,17,9,18
1,17,9,11
1,17,9,5
1,17,9,19
1,17,9,9
1,17,9,15
1,17,18,10
1,17,18,4
1,17,18,8
1,17,18,1
1,17,18,18
1,17,18,11
1,17,18,5
1,17,18,19
1,17,18,9
1,17,18,15
1,17,17,10
1,17,17,4
1,17,17,8
1,17,17,1
1,17,17,18
1,17,17,11
1,17,17,5
1,17,17,19
1,17,17,9
1,17,17,15
1,17,11,10
1,17,11,4
1,17,11,8
1,17,11,1
1,17,11,18
1,17,11,11
1,17,11,5
1,17,11,19
1,17,11,9
1,17,11,15
1,17,16,10
1,17,16,4
1,17,16,8
1,17,16,1
1,17,16,18
1,17,16,11
1,17,16,5
1,17,16,19
1,17,16,9
1,17,16,15
10,10,1,10
10,10,1,4
10,10,1,8
10,10,1,1
10,10,1,18
10,10,1,11
10,10,1,5
10,10,1,19
10,10,1,9
10,10,1,15
10,10,3,10
10,10,3,4
10,10,3,8
10,10,3,1
10,10,3,18
10,10,3,11
10,10,3,5
10,10,3,19
10,10,3,9
10,10,3,15
10,10,14,10
10,10,14,4
10,10,14,8
10,10,14,1
10,10,14,18
10,10,14,11
10,10,14,5
10,10,14,19
10,10,14,9
10,10,14,15
10,10,4,10
10,10,4,4
10,10,4,8
10,10,4,1
10,10,4,18
10,10,4,11
10,10,4,5
10,10,4,19
10,10,4,9
10,10,4,15
10,10,10,10
10,10,10,4
10,10,10,8
10,10,10,1
10,10,10,18
10,10,10,11
10,10,10,5
10,10,10,19
10,10,10,9
10,10,10,15
10,10,8,10
10,10,8,4
10,10,8,8
10,10,8,1
10,10,8,18
10,10,8,11
10,10,8,5
10,10,8,19
10,10,8,9
10,10,8,15
10,10,15,10
10,10,15,4
10,10,15,8
10,10,15,1
10,10,15,18
10,10,15,11
10,10,15,5
10,10,15,19
10,10,15,9
10,10,15,15
10,10,20,10
10,10,20,4
10,10,20,8
10,10,20,1
10,10,20,18
10,10,20,11
10,10,20,5
10,10,20,19
10,10,20,9
10,10,20,15
10,10,9,10
10,10,9,4
10,10,9,8
10,10,9,1
10,10,9,18
10,10,9,11
10,10,9,5
10,10,9,19
10,10,9,9
10,10,9,15
10,10,18,10
10,10,18,4
10,10,18,8
10,10,18,1
10,10,18,18
10,10,18,11
10,10,18,5
10,10,18,19
10,10,18,9
10,10,18,15
10,10,17,10
10,10,17,4
10,10,17,8
10,10,17,1
10,10,17,18
10,10,17,11
10,10,17,5
10,10,17,19
10,10,17,9
10,10,17,15
10,10,11,10
10,10,11,4
10,10,11,8
10,10,11,1
10,10,11,18
10,10,11,11
10,10,11,5
10,10,11,19
10,10,11,9
10,10,11,15
10,10,16,10
10,10,16,4
10,10,16,8
10,10,16,1
10,10,16,18
10,10,16,11
10,10,16,5
10,10,16,19
10,10,16,9
10,10,16,15
10,8,1,10
10,8,1,4
10,8,1,8
10,8,1,1
10,8,1,18
10,8,1,11
10,8,1,5
10,8,1,19
10,8,1,9
10,8,1,15
10,8,3,10
10,8,3,4
10,8,3,8
10,8,3,1
10,8,3,18
10,8,3,11
10,8,3,5
10,8,3,19
10,8,3,9
10,8,3,15
10,8,14,10
10,8,14,4
10,8,14,8
10,8,14,1
10,8,14,18
10,8,14,11
10,8,14,5
10,8,14,19
10,8,14,9
10,8,14,15
10,8,4,10
10,8,4,4
10,8,4,8
10,8,4,1
10,8,4,18
10,8,4,11
10,8,4,5
10,8,4,19
10,8,4,9
10,8,4,15
10,8,10,10
10,8,10,4
10,8,10,8
10,8,10,1
10,8,10,18
10,8,10,11
10,8,10,5
10,8,10,19
10,8,10,9
10,8,10,15
10,8,8,10
10,8,8,4
10,8,8,8
10,8,8,1
10,8,8,18
10,8,8,11
10,8,8,5
10,8,8,19
10,8,8,9
10,8,8,15
10,8,15,10
10,8,15,4
10,8,15,8
10,8,15,1
10,8,15,18
10,8,15,11
10,8,15,5
10,8,15,19
10,8,15,9
10,8,15,15
10,8,20,10
10,8,20,4
10,8,20,8
10,8,20,1
10,8,20,18
10,8,20,11
10,8,20,5
10,8,20,19
10,8,20,9
10,8,20,15
10,8,9,10
10,8,9,4
10,8,9,8
10,8,9,1
10,8,9,18
10,8,9,11
10,8,9,5
10,8,9,19
10,8,9,9
10,8,9,15
10,8,18,10
10,8,18,4
10,8,18,8
10,8,18,1
10,8,18,18
10,8,18,11
10,8,18,5
10,8,18,19
10,8,18,9
10,8,18,15
10,8,17,10
10,8,17,4
10,8,17,8
10,8,17,1
10,8,17,18
10,8,17,11
10,8,17,5
10,8,17,19
10,8,17,9
10,8,17,15
10,8,11,10
10,8,11,4
10,8,11,8
10,8,11,1
10,8,11,18
10,8,11,11
10,8,11,5
10,8,11,19
10,8,11,9
10,8,11,15
10,8,16,10
10,8,16,4
10,8,16,8
10,8,16,1
10,8,16,18
10,8,16,11
10,8,16,5
10,8,16,19
10,8,16,9
10,8,16,15
10,18,1,10
10,18,1,4
10,18,1,8
10,18,1,1
10,18,1,18
10,18,1,11
10,18,1,5
10,18,1,19
10,18,1,9
10,18,1,15
10,18,3,10
10,18,3,4
10,18,3,8
10,18,3,1
10,18,3,18
10,18,3,11
10,18,3,5
10,18,3,19
10,18,3,9
10,18,3,15
10,18,14,10
10,18,14,4
10,18,14,8
10,18,14,1
10,18,14,18
10,18,14,11
10,18,14,5
10,18,14,19
10,18,14,9
10,18,14,15
10,18,4,10
10,18,4,4
10,18,4,8
10,18,4,1
10,18,4,18
10,18,4,11
10,18,4,5
10,18,4,19
10,18,4,9
10,18,4,15
10,18,10,10
10,18,10,4
10,18,10,8
10,18,10,1
10,18,10,18
10,18,10,11
10,18,10,5
10,18,10,19
10,18,10,9
10,18,10,15
10,18,8,10
10,18,8,4
10,18,8,8
10,18,8,1
10,18,8,18
10,18,8,11
10,18,8,5
10,18,8,19
10,18,8,9
10,18,8,15
10,18,15,10
10,18,15,4
10,18,15,8
10,18,15,1
10,18,15,18
10,18,15,11
10,18,15,5
10,18,15,19
10,18,15,9
10,18,15,15
10,18,20,10
10,18,20,4
10,18,20,8
10,18,20,1
10,18,20,18
10,18,20,11
10,18,20,5
10,18,20,19
10,18,20,9
10,18,20,15
10,18,9,10
10,18,9,4
10,18,9,8
10,18,9,1
10,18,9,18
10,18,9,11
10,18,9,5
10,18,9,19
10,18,9,9
10,18,9,15
10,18,18,10
10,18,18,4
10,18,18,8
10,18,18,1
10,18,18,18
10,18,18,11
10,18,18,5
10,18,18,19
10,18,18,9
10,18,18,15
10,18,17,10
10,18,17,4
10,18,17,8
10,18,17,1
10,18,17,18
10,18,17,11
10,18,17,5
10,18,17,19
10,18,17,9
10,18,17,15
10,18,11,10
10,18,11,4
10,18,11,8
10,18,11,1
10,18,11,18
10,18,11,11
10,18,11,5
10,18,11,19
10,18,11,9
10,18,11,15
10,18,16,10
10,18,16,4
10,18,16,8
10,18,16,1
10,18,16,18
10,18,16,11
10,18,16,5
10,18,16,19
10,18,16,9
10,18,16,15
10,1,1,10
10,1,1,4
10,1,1,8
10,1,1,1
10,1,1,18
10,1,1,11
10,1,1,5
10,1,1,19
10,1,1,9
10,1,1,15
10,1,3,10
10,1,3,4
10,1,3,8
10,1,3,1
10,1,3,18
10,1,3,11
10,1,3,5
10,1,3,19
10,1,3,9
10,1,3,15
10,1,14,10
10,1,14,4
10,1,14,8
10,1,14,1
10,1,14,18
10,1,14,11
10,1,14,5
10,1,14,19
10,1,14,9
10,1,14,15
10,1,4,10
10,1,4,4
10,1,4,8
10,1,4,1
10,1,4,18
10,1,4,11
10,1,4,5
10,1,4,19
10,1,4,9
10,1,4,15
10,1,10,10
10,1,10,4
10,1,10,8
10,1,10,1
10,1,10,18
10,1,10,11
10,1,10,5
10,1,10,19
10,1,10,9
10,1,10,15
10,1,8,10
10,1,8,4
10,1,8,8
10,1,8,1
10,1,8,18
10,1,8,11
10,1,8,5
10,1,8,19
10,1,8,9
10,1,8,15
10,1,15,10
10,1,15,4
10,1,15,8
10,1,15,1
10,1,15,18
10,1,15,11
10,1,15,5
10,1,15,19
10,1,15,9
10,1,15,15
10,1,20,10
10,1,20,4
10,1,20,8
10,1,20,1
10,1,20,18
10,1,20,11
10,1,20,5
10,1,20,19
10,1,20,9
10,1,20,15
10,1,9,10
10,1,9,4
10,1,9,8
10,1,9,1
10,1,9,18
10,1,9,11
10,1,9,5
10,1,9,19
10,1,9,9
10,1,9,15
10,1,18,10
10,1,18,4
10,1,18,8
10,1,18,1
10,1,18,18
10,1,18,11
10,1,18,5
10,1,18,19
10,1,18,9
10,1,18,15
10,1,17,10
10,1,17,4
10,1,17,8
10,1,17,1
10,1,17,18
10,1,17,11
10,1,17,5
10,1,17,19
10,1,17,9
10,1,17,15
10,1,11,10
10,1,11,4
10,1,11,8
10,1,11,1
10,1,11,18
10,1,11,11
10,1,11,5
10,1,11,19
10,1,11,9
10,1,11,15
10,1,16,10
10,1,16,4
10,1,16,8
10,1,16,1
10,1,16,18
10,1,16,11
10,1,16,5
10,1,16,19
10,1,16,9
10,1,16,15
10,19,1,10
10,19,1,4
10,19,1,8
10,19,1,1
10,19,1,18
10,19,1,11
10,19,1,5
10,19,1,19
10,19,1,9
10,19,1,15
10,19,3,10
10,19,3,4
10,19,3,8
10,19,3,1
10,19,3,18
10,19,3,11
10,19,3,5
10,19,3,19
10,19,3,9
10,19,3,15
10,19,14,10
10,19,14,4
10,19,14,8
10,19,14,1
10,19,14,18
10,19,14,11
10,19,14,5
10,19,14,19
10,19,14,9
10,19,14,15
10,19,4,10
10,19,4,4
10,19,4,8
10,19,4,1
10,19,4,18
10,19,4,11
10,19,4,5
10,19,4,19
10,19,4,9
10,19,4,15
10,19,10,10
10,19,10,4
10,19,10,8
10,19,10,1
10,19,10,18
10,19,10,11
10,19,10,5
10,19,10,19
10,19,10,9
10,19,10,15
10,19,8,10
10,19,8,4
10,19,8,8
10,19,8,1
10,19,8,18
10,19,8,11
10,19,8,5
10,19,8,19
10,19,8,9
10,19,8,15
10,19,15,10
10,19,15,4
10,19,15,8
10,19,15,1
10,19,15,18
10,19,15,11
10,19,15,5
10,19,15,19
10,19,15,9
10,19,15,15
10,19,20,10
10,19,20,4
10,19,20,8
10,19,20,1
10,19,20,18
10,19,20,11
10,19,20,5
10,19,20,19
10,19,20,9
10,19,20,15
10,19,9,10
10,19,9,4
10,19,9,8
10,19,9,1
10,19,9,18
10,19,9,11
10,19,9,5
10,19,9,19
10,19,9,9
10,19,9,15
10,19,18,10
10,19,18,4
10,19,18,8
10,19,18,1
10,19,18,18
10,19,18,11
10,19,18,5
10,19,18,19
10,19,18,9
10,19,18,15
10,19,17,10
10,19,17,4
10,19,17,8
10,19,17,1
10,19,17,18
10,19,17,11
10,19,17,5
10,19,17,19
10,19,17,9
10,19,17,15
10,19,11,10
10,19,11,4
10,19,11,8
10,19,11,1
10,19,11,18
10,19,11,11
10,19,11,5
10,19,11,19
10,19,11,9
10,19,11,15
10,19,16,10
10,19,16,4
10,19,16,8
10,19,16,1
10,19,16,18
10,19,16,11
10,19,16,5
10,19,16,19
10,19,16,9
10,19,16,15
10,17,1,10
10,17,1,4
10,17,1,8
10,17,1,1
10,17,1,18
10,17,1,11
10,17,1,5
10,17,1,19
10,17,1,9
10,17,1,15
10,17,3,10
10,17,3,4
10,17,3,8
10,17,3,1
10,17,3,18
10,17,3,11
10,17,3,5
10,17,3,19
10,17,3,9
10,17,3,15
10,17,14,10
10,17,14,4
10,17,14,8
10,17,14,1
10,17,14,18
10,17,14,11
10,17,14,5
10,17,14,19
10,17,14,9
10,17,14,15
10,17,4,10
10,17,4,4
10,17,4,8
10,17,4,1
10,17,4,18
10,17,4,11
10,17,4,5
10,17,4,19
10,17,4,9
10,17,4,15
10,17,10,10
10,17,10,4
10,17,10,8
10,17,10,1
10,17,10,18
10,17,10,11
10,17,10,5
10,17,10,19
10,17,10,9
10,17,10,15
10,17,8,10
10,17,8,4
10,17,8,8
10,17,8,1
10,17,8,18
10,17,8,11
10,17,8,5
10,17,8,19
10,17,8,9
10,17,8,15
10,17,15,10
10,17,15,4
10,17,15,8
10,17,15,1
10,17,15,18
10,17,15,11
10,17,15,5
10,17,15,19
10,17,15,9
10,17,15,15
10,17,20,10
10,17,20,4
10,17,20,8
10,17,20,1
10,17,20,18
10,17,20,11
10,17,20,5
10,17,20,19
10,17,20,9
10,17,20,15
10,17,9,10
10,17,9,4
10,17,9,8
10,17,9,1
10,17,9,18
10,17,9,11
10,17,9,5
10,17,9,19
10,17,9,9
10,17,9,15
10,17,18,10
10,17,18,4
10,17,18,8
10,17,18,1
10,17,18,18
10,17,18,11
10,17,18,5
10,17,18,19
10,17,18,9
10,17,18,15
10,17,17,10
10,17,17,4
10,17,17,8
10,17,17,1
10,17,17,18
10,17,17,11
10,17,17,5
10,17,17,19
10,17,17,9
10,17,17,15
10,17,11,10
10,17,11,4
10,17,11,8
10,17,11,1
10,17,11,18
10,17,11,11
10,17,11,5
10,17,11,19
10,17,11,9
10,17,11,15
10,17,16,10
10,17,16,4
10,17,16,8
10,17,16,1
10,17,16,18
10,17,16,11
10,17,16,5
10,17,16,19
10,17,16,9
10,17,16,15
4,10,1,10
4,10,1,4
4,10,1,8
4,10,1,1
4,10,1,18
4,10,1,11
4,10,1,5
4,10,1,19
4,10,1,9
4,10,1,15
4,10,3,10
4,10,3,4
4,10,3,8
4,10,3,1
4,10,3,18
4,10,3,11
4,10,3,5
4,10,3,19
4,10,3,9
4,10,3,15
4,10,14,10
4,10,14,4
4,10,14,8
4,10,14,1
4,10,14,18
4,10,14,11
4,10,14,5
4,10,14,19
4,10,14,9
4,10,14,15
4,10,4,10
4,10,4,4
4,10,4,8
4,10,4,1
4,10,4,18
4,10,4,11
4,10,4,5
4,10,4,19
4,10,4,9
4,10,4,15
4,10,10,10
4,10,10,4
4,10,10,8
4,10,10,1
4,10,10,18
4,10,10,11
4,10,10,5
4,10,10,19
4,10,10,9
4,10,10,15
4,10,8,10
4,10,8,4
4,10,8,8
4,10,8,1
4,10,8,18
4,10,8,11
4,10,8,5
4,10,8,19
4,10,8,9
4,10,8,15
4,10,15,10
4,10,15,4
4,10,15,8
4,10,15,1
4,10,15,18
4,10,15,11
4,10,15,5
4,10,15,19
4,10,15,9
4,10,15,15
4,10,20,10
4,10,20,4
4,10,20,8
4,10,20,1
4,10,20,18
4,10,20,11
4,10,20,5
4,10,20,19
4,10,20,9
4,10,20,15
4,10,9,10
4,10,9,4
4,10,9,8
4,10,9,1
4,10,9,18
4,10,9,11
4,10,9,5
4,10,9,19
4,10,9,9
4,10,9,15
4,10,18,10
4,10,18,4
4,10,18,8
4,10,18,1
4,10,18,18
4,10,18,11
4,10,18,5
4,10,18,19
4,10,18,9
4,10,18,15
4,10,17,10
4,10,17,4
4,10,17,8
4,10,17,1
4,10,17,18
4,10,17,11
4,10,17,5
4,10,17,19
4,10,17,9
4,10,17,15
4,10,11,10
4,10,11,4
4,10,11,8
4,10,11,1
4,10,11,18
4,10,11,11
4,10,11,5
4,10,11,19
4,10,11,9
4,10,11,15
4,10,16,10
4,10,16,4
4,10,16,8
4,10,16,1
4,10,16,18
4,10,16,11
4,10,16,5
4,10,16,19
4,10,16,9
4,10,16,15
4,8,1,10
4,8,1,4
4,8,1,8
4,8,1,1
4,8,1,18
4,8,1,11
4,8,1,5
4,8,1,19
4,8,1,9
4,8,1,15
4,8,3,10
4,8,3,4
4,8,3,8
4,8,3,1
4,8,3,18
4,8,3,11
4,8,3,5
4,8,3,19
4,8,3,9
4,8,3,15
4,8,14,10
4,8,14,4
4,8,14,8
4,8,14,1
4,8,14,18
4,8,14,11
4,8,14,5
4,8,14,19
4,8,14,9
4,8,14,15
4,8,4,10
4,8,4,4
4,8,4,8
4,8,4,1
4,8,4,18
4,8,4,11
4,8,4,5
4,8,4,19
4,8,4,9
4,8,4,15
4,8,10,10
4,8,10,4
4,8,10,8
4,8,10,1
4,8,10,18
4,8,10,11
4,8,10,5
4,8,10,19
4,8,10,9
4,8,10,15
4,8,8,10
4,8,8,4
4,8,8,8
4,8,8,1
4,8,8,18
4,8,8,11
4,8,8,5
4,8,8,19
4,8,8,9
4,8,8,15
4,8,15,10
4,8,15,4
4,8,15,8
4,8,15,1
4,8,15,18
4,8,15,11
4,8,15,5
4,8,15,19
4,8,15,9
4,8,15,15
4,8,20,10
4,8,20,4
4,8,20,8
4,8,20,1
4,8,20,18
4,8,20,11
4,8,20,5
4,8,20,19
4,8,20,9
4,8,20,15
4,8,9,10
4,8,9,4
4,8,9,8
4,8,9,1
4,8,9,18
4,8,9,11
4,8,9,5
4,8,9,19
4,8,9,9
4,8,9,15
4,8,18,10
4,8,18,4
4,8,18,8
4,8,18,1
4,8,18,18
4,8,18,11
4,8,18,5
4,8,18,19
4,8,18,9
4,8,18,15
4,8,17,10
4,8,17,4
4,8,17,8
4,8,17,1
4,8,17,18
4,8,17,11
4,8,17,5
4,8,17,19
4,8,17,9
4,8,17,15
4,8,11,10
4,8,11,4
4,8,11,8
4,8,11,1
4,8,11,18
4,8,11,11
4,8,11,5
4,8,11,19
4,8,11,9
4,8,11,15
4,8,16,10
4,8,16,4
4,8,16,8
4,8,16,1
4,8,16,18
4,8,16,11
4,8,16,5
4,8,16,19
4,8,16,9
4,8,16,15
4,18,1,10
4,18,1,4
4,18,1,8
4,18,1,1
4,18,1,18
4,18,1,11
4,18,1,5
4,18,1,19
4,18,1,9
4,18,1,15
4,18,3,10
4,18,3,4
4,18,3,8
4,18,3,1
4,18,3,18
4,18,3,11
4,18,3,5
4,18,3,19
4,18,3,9
4,18,3,15
4,18,14,10
4,18,14,4
4,18,14,8
4,18,14,1
4,18,14,18
4,18,14,11
4,18,14,5
4,18,14,19
4,18,14,9
4,18,14,15
4,18,4,10
4,18,4,4
4,18,4,8
4,18,4,1
4,18,4,18
4,18,4,11
4,18,4,5
4,18,4,19
4,18,4,9
4,18,4,15
4,18,10,10
4,18,10,4
4,18,10,8
4,18,10,1
4,18,10,18
4,18,10,11
4,18,10,5
4,18,10,19
4,18,10,9
4,18,10,15
4,18,8,10
4,18,8,4
4,18,8,8
4,18,8,1
4,18,8,18
4,18,8,11
4,18,8,5
4,18,8,19
4,18,8,9
4,18,8,15
4,18,15,10
4,18,15,4
4,18,15,8
4,18,15,1
4,18,15,18
4,18,15,11
4,18,15,5
4,18,15,19
4,18,15,9
4,18,15,15
4,18,20,10
4,18,20,4
4,18,20,8
4,18,20,1
4,18,20,18
4,18,20,11
4,18,20,5
4,18,20,19
4,18,20,9
4,18,20,15
4,18,9,10
4,18,9,4
4,18,9,8
4,18,9,1
4,18,9,18
4,18,9,11
4,18,9,5
4,18,9,19
4,18,9,9
4,18,9,15
4,18,18,10
4,18,18,4
4,18,18,8
4,18,18,1
4,18,18,18
4,18,18,11
4,18,18,5
4,18,18,19
4,18,18,9
4,18,18,15
4,18,17,10
4,18,17,4
4,18,17,8
4,18,17,1
4,18,17,18
4,18,17,11
4,18,17,5
4,18,17,19
4,18,17,9
4,18,17,15
4,18,11,10
4,18,11,4
4,18,11,8
4,18,11,1
4,18,11,18
4,18,11,11
4,18,11,5
4,18,11,19
4,18,11,9
4,18,11,15
4,18,16,10
4,18,16,4
4,18,16,8
4,18,16,1
4,18,16,18
4,18,16,11
4,18,16,5
4,18,16,19
4,18,16,9
4,18,16,15
4,1,1,10
4,1,1,4
4,1,1,8
4,1,1,1
4,1,1,18
4,1,1,11
4,1,1,5
4,1,1,19
4,1,1,9
4,1,1,15
4,1,3,10
4,1,3,4
4,1,3,8
4,1,3,1
4,1,3,18
4,1,3,11
4,1,3,5
4,1,3,19
4,1,3,9
4,1,3,15
4,1,14,10
4,1,14,4
4,1,14,8
4,1,14,1
4,1,14,18
4,1,14,11
4,1,14,5
4,1,14,19
4,1,14,9
4,1,14,15
4,1,4,10
4,1,4,4
4,1,4,8
4,1,4,1
4,1,4,18
4,1,4,11
4,1,4,5
4,1,4,19
4,1,4,9
4,1,4,15
4,1,10,10
4,1,10,4
4,1,10,8
4,1,10,1
4,1,10,18
4,1,10,11
4,1,10,5
4,1,10,19
4,1,10,9
4,1,10,15
4,1,8,10
4,1,8,4
4,1,8,8
4,1,8,1
4,1,8,18
4,1,8,11
4,1,8,5
4,1,8,19
4,1,8,9
4,1,8,15
4,1,15,10
4,1,15,4
4,1,15,8
4,1,15,1
4,1,15,18
4,1,15,11
4,1,15,5
4,1,15,19
4,1,15,9
4,1,15,15
4,1,20,10
4,1,20,4
4,1,20,8
4,1,20,1
4,1,20,18
4,1,20,11
4,1,20,5
4,1,20,19
4,1,20,9
4,1,20,15
4,1,9,10
4,1,9,4
4,1,9,8
4,1,9,1
4,1,9,18
4,1,9,11
4,1,9,5
4,1,9,19
4,1,9,9
4,1,9,15
4,1,18,10
4,1,18,4
4,1,18,8
4,1,18,1
4,1,18,18
4,1,18,11
4,1,18,5
4,1,18,19
4,1,18,9
4,1,18,15
4,1,17,10
4,1,17,4
4,1,17,8
4,1,17,1
4,1,17,18
4,1,17,11
4,1,17,5
4,1,17,19
4,1,17,9
4,1,17,15
4,1,11,10
4,1,11,4
4,1,11,8
4,1,11,1
4,1,11,18
4,1,11,11
4,1,11,5
4,1,11,19
4,1,11,9
4,1,11,15
4,1,16,10
4,1,16,4
4,1,16,8
4,1,16,1
4,1,16,18
4,1,16,11
4,1,16,5
4,1,16,19
4,1,16,9
4,1,16,15
4,19,1,10
4,19,1,4
4,19,1,8
4,19,1,1
4,19,1,18
4,19,1,11
4,19,1,5
4,19,1,19
4,19,1,9
4,19,1,15
4,19,3,10
4,19,3,4
4,19,3,8
4,19,3,1
4,19,3,18
4,19,3,11
4,19,3,5
4,19,3,19
4,19,3,9
4,19,3,15
4,19,14,9
4,19,4,10
4,19,4,4
4,19,4,8
4,19,4,1
4,19,4,18
4,19,4,11
4,19,4,5
4,19,4,19
4,19,4,9
4,19,4,15
4,19,10,10
4,19,10,4
4,19,10,8
4,19,10,1
4,19,10,18
4,19,10,11
4,19,10,5
4,19,10,19
4,19,10,9
4,19,10,15
4,19,8,10
4,19,8,4
4,19,8,8
4,19,8,1
4,19,8,18
4,19,8,11
4,19,8,5
4,19,8,19
4,19,8,9
4,19,8,15
4,19,15,10
4,19,15,4
4,19,15,8
4,19,15,1
4,19,15,18
4,19,15,11
4,19,15,5
4,19,15,19
4,19,15,9
4,19,15,15
4,19,20,10
4,19,20,4
4,19,20,8
4,19,20,1
4,19,20,18
4,19,20,11
4,19,20,5
4,19,20,19
4,19,20,9
4,19,20,15
4,19,9,10
4,19,9,4
4,19,9,8
4,19,9,1
4,19,9,18
4,19,9,11
4,19,9,5
4,19,9,19
4,19,9,9
4,19,9,15
4,19,18,10
4,19,18,4
4,19,18,8
4,19,18,1
4,19,18,18
4,19,18,11
4,19,18,5
4,19,18,19
4,19,18,9
4,19,18,15
4,19,17,10
4,19,17,4
4,19,17,8
4,19,17,1
4,19,17,18
4,19,17,11
4,19,17,5
4,19,17,19
4,19,17,9
4,19,17,15
4,19,11,10
4,19,11,4
4,19,11,8
4,19,11,1
4,19,11,18
4,19,11,11
4,19,11,5
4,19,11,19
4,19,11,9
4,19,11,15
4,19,16,10
4,19,16,4
4,19,16,8
4,19,16,1
4,19,16,18
4,19,16,11
4,19,16,5
4,19,16,19
4,19,16,9
4,19,16,15
4,17,1,10
4,17,1,4
4,17,1,8
4,17,1,1
4,17,1,18
4,17,1,11
4,17,1,5
4,17,1,19
4,17,1,9
4,17,1,15
4,17,3,10
4,17,3,4
4,17,3,8
4,17,3,1
4,17,3,18
4,17,3,11
4,17,3,5
4,17,3,19
4,17,3,9
4,17,3,15
4,17,14,10
4,17,14,4
4,17,14,8
4,17,14,1
4,17,14,18
4,17,14,11
4,17,14,5
4,17,14,19
4,17,14,9
4,17,14,15
4,17,4,10
4,17,4,4
4,17,4,8
4,17,4,1
4,17,4,18
4,17,4,11
4,17,4,5
4,17,4,19
4,17,4,9
4,17,4,15
4,17,10,10
4,17,10,4
4,17,10,8
4,17,10,1
4,17,10,18
4,17,10,11
4,17,10,5
4,17,10,19
4,17,10,9
4,17,10,15
4,17,8,10
4,17,8,4
4,17,8,8
4,17,8,1
4,17,8,18
4,17,8,11
4,17,8,5
4,17,8,19
4,17,8,9
4,17,8,15
4,17,15,10
4,17,15,4
4,17,15,8
4,17,15,1
4,17,15,18
4,17,15,11
4,17,15,5
4,17,15,19
4,17,15,9
4,17,15,15
4,17,20,10
4,17,20,4
4,17,20,8
4,17,20,1
4,17,20,18
4,17,20,11
4,17,20,5
4,17,20,19
4,17,20,9
4,17,20,15
4,17,9,10
4,17,9,4
4,17,9,8
4,17,9,1
4,17,9,18
4,17,9,11
4,17,9,5
4,17,9,19
4,17,9,9
4,17,9,15
4,17,18,10
4,17,18,4
4,17,18,8
4,17,18,1
4,17,18,18
4,17,18,11
4,17,18,5
4,17,18,19
4,17,18,9
4,17,18,15
4,17,17,10
4,17,17,4
4,17,17,8
4,17,17,1
4,17,17,18
4,17,17,11
4,17,17,5
4,17,17,19
4,17,17,9
4,17,17,15
4,17,11,10
4,17,11,4
4,17,11,8
4,17,11,1
4,17,11,18
4,17,11,11
4,17,11,5
4,17,11,19
4,17,11,9
4,17,11,15
4,17,16,10
4,17,16,4
4,17,16,8
4,17,16,1
4,17,16,18
4,17,16,11
4,17,16,5
4,17,16,19
4,17,16,9
4,17,16,15
9,10,1,10
9,10,1,4
9,10,1,8
9,10,1,1
9,10,1,18
9,10,1,11
9,10,1,5
9,10,1,19
9,10,1,9
9,10,1,15
9,10,3,10
9,10,3,4
9,10,3,8
9,10,3,1
9,10,3,18
9,10,3,11
9,10,3,5
9,10,3,19
9,10,3,9
9,10,3,15
9,10,14,10
9,10,14,4
9,10,14,8
9,10,14,1
9,10,14,18
9,10,14,11
9,10,14,5
9,10,14,19
9,10,14,9
9,10,14,15
9,10,4,10
9,10,4,4
9,10,4,8
9,10,4,1
9,10,4,18
9,10,4,11
9,10,4,5
9,10,4,19
9,10,4,9
9,10,4,15
9,10,10,10
9,10,10,4
9,10,10,8
9,10,10,1
9,10,10,18
9,10,10,11
9,10,10,5
9,10,10,19
9,10,10,9
9,10,10,15
9,10,8,10
9,10,8,4
9,10,8,8
9,10,8,1
9,10,8,18
9,10,8,11
9,10,8,5
9,10,8,19
9,10,8,9
9,10,8,15
9,10,15,10
9,10,15,4
9,10,15,8
9,10,15,1
9,10,15,18
9,10,15,11
9,10,15,5
9,10,15,19
9,10,15,9
9,10,15,15
9,10,20,10
9,10,20,4
9,10,20,8
9,10,20,1
9,10,20,18
9,10,20,11
9,10,20,5
9,10,20,19
9,10,20,9
9,10,20,15
9,10,9,10
9,10,9,4
9,10,9,8
9,10,9,1
9,10,9,18
9,10,9,11
9,10,9,5
9,10,9,19
9,10,9,9
9,10,9,15
9,10,18,10
9,10,18,4
9,10,18,8
9,10,18,1
9,10,18,18
9,10,18,11
9,10,18,5
9,10,18,19
9,10,18,9
9,10,18,15
9,10,17,10
9,10,17,4
9,10,17,8
9,10,17,1
9,10,17,18
9,10,17,11
9,10,17,5
9,10,17,19
9,10,17,9
9,10,17,15
9,10,11,10
9,10,11,4
9,10,11,8
9,10,11,1
9,10,11,18
9,10,11,11
9,10,11,5
9,10,11,19
9,10,11,9
9,10,11,15
9,10,16,10
9,10,16,4
9,10,16,8
9,10,16,1
9,10,16,18
9,10,16,11
9,10,16,5
9,10,16,19
9,10,16,9
9,10,16,15
9,8,1,10
9,8,1,4
9,8,1,8
9,8,1,1
9,8,1,18
9,8,1,11
9,8,1,5
9,8,1,19
9,8,1,9
9,8,1,15
9,8,3,10
9,8,3,4
9,8,3,8
9,8,3,1
9,8,3,18
9,8,3,11
9,8,3,5
9,8,3,19
9,8,3,9
9,8,3,15
9,8,14,10
9,8,14,4
9,8,14,8
9,8,14,1
9,8,14,18
9,8,14,11
9,8,14,5
9,8,14,19
9,8,14,9
9,8,14,15
9,8,4,10
9,8,4,4
9,8,4,8
9,8,4,1
9,8,4,18
9,8,4,11
9,8,4,5
9,8,4,19
9,8,4,9
9,8,4,15
9,8,10,10
9,8,10,4
9,8,10,8
9,8,10,1
9,8,10,18
9,8,10,11
9,8,10,5
9,8,10,19
9,8,10,9
9,8,10,15
9,8,8,10
9,8,8,4
9,8,8,8
9,8,8,1
9,8,8,18
9,8,8,11
9,8,8,5
9,8,8,19
9,8,8,9
9,8,8,15
9,8,15,10
9,8,15,4
9,8,15,8
9,8,15,1
9,8,15,18
9,8,15,11
9,8,15,5
9,8,15,19
9,8,15,9
9,8,15,15
9,8,20,10
9,8,20,4
9,8,20,8
9,8,20,1
9,8,20,18
9,8,20,11
9,8,20,5
9,8,20,19
9,8,20,9
9,8,20,15
9,8,9,10
9,8,9,4
9,8,9,8
9,8,9,1
9,8,9,18
9,8,9,11
9,8,9,5
9,8,9,19
9,8,9,9
9,8,9,15
9,8,18,10
9,8,18,4
9,8,18,8
9,8,18,1
9,8,18,18
9,8,18,11
9,8,18,5
9,8,18,19
9,8,18,9
9,8,18,15
9,8,17,10
9,8,17,4
9,8,17,8
9,8,17,1
9,8,17,18
9,8,17,11
9,8,17,5
9,8,17,19
9,8,17,9
9,8,17,15
9,8,11,10
9,8,11,4
9,8,11,8
9,8,11,1
9,8,11,18
9,8,11,11
9,8,11,5
9,8,11,19
9,8,11,9
9,8,11,15
9,8,16,10
9,8,16,4
9,8,16,8
9,8,16,1
9,8,16,18
9,8,16,11
9,8,16,5
9,8,16,19
9,8,16,9
9,8,16,15
9,18,1,10
9,18,1,4
9,18,1,8
9,18,1,1
9,18,1,18
9,18,1,11
9,18,1,5
9,18,1,19
9,18,1,9
9,18,1,15
9,18,3,10
9,18,3,4
9,18,3,8
9,18,3,1
9,18,3,18
9,18,3,11
9,18,3,5
9,18,3,19
9,18,3,9
9,18,3,15
9,18,14,10
9,18,14,4
9,18,14,8
9,18,14,1
9,18,14,18
9,18,14,11
9,18,14,5
9,18,14,19
9,18,14,9
9,18,14,15
9,18,4,10
9,18,4,4
9,18,4,8
9,18,4,1
9,18,4,18
9,18,4,11
9,18,4,5
9,18,4,19
9,18,4,9
9,18,4,15
9,18,10,10
9,18,10,4
9,18,10,8
9,18,10,1
9,18,10,18
9,18,10,11
9,18,10,5
9,18,10,19
9,18,10,9
9,18,10,15
9,18,8,10
9,18,8,4
9,18,8,8
9,18,8,1
9,18,8,18
9,18,8,11
9,18,8,5
9,18,8,19
9,18,8,9
9,18,8,15
9,18,15,10
9,18,15,4
9,18,15,8
9,18,15,1
9,18,15,18
9,18,15,11
9,18,15,5
9,18,15,19
9,18,15,9
9,18,15,15
9,18,20,10
9,18,20,4
9,18,20,8
9,18,20,1
9,18,20,18
9,18,20,11
9,18,20,5
9,18,20,19
9,18,20,9
9,18,20,15
9,18,9,10
9,18,9,4
9,18,9,8
9,18,9,1
9,18,9,18
9,18,9,11
9,18,9,5
9,18,9,19
9,18,9,9
9,18,9,15
9,18,18,10
9,18,18,4
9,18,18,8
9,18,18,1
9,18,18,18
9,18,18,11
9,18,18,5
9,18,18,19
9,18,18,9
9,18,18,15
9,18,17,10
9,18,17,4
9,18,17,8
9,18,17,1
9,18,17,18
9,18,17,11
9,18,17,5
9,18,17,19
9,18,17,9
9,18,17,15
9,18,11,10
9,18,11,4
9,18,11,8
9,18,11,1
9,18,11,18
9,18,11,11
9,18,11,5
9,18,11,19
9,18,11,9
9,18,11,15
9,18,16,10
9,18,16,4
9,18,16,8
9,18,16,1
9,18,16,18
9,18,16,11
9,18,16,5
9,18,16,19
9,18,16,9
9,18,16,15
9,1,1,10
9,1,1,4
9,1,1,8
9,1,1,1
9,1,1,18
9,1,1,11
9,1,1,5
9,1,1,19
9,1,1,9
9,1,1,15
9,1,3,10
9,1,3,4
9,1,3,8
9,1,3,1
9,1,3,18
9,1,3,11
9,1,3,5
9,1,3,19
9,1,3,9
9,1,3,15
9,1,14,10
9,1,14,4
9,1,14,8
9,1,14,1
9,1,14,18
9,1,14,11
9,1,14,5
9,1,14,19
9,1,14,9
9,1,14,15
9,1,4,10
9,1,4,4
9,1,4,8
9,1,4,1
9,1,4,18
9,1,4,11
9,1,4,5
9,1,4,19
9,1,4,9
9,1,4,15
9,1,10,10
9,1,10,4
9,1,10,8
9,1,10,1
9,1,10,18
9,1,10,11
9,1,10,5
9,1,10,19
9,1,10,9
9,1,10,15
9,1,8,10
9,1,8,4
9,1,8,8
9,1,8,1
9,1,8,18
9,1,8,11
9,1,8,5
9,1,8,19
9,1,8,9
9,1,8,15
9,1,15,10
9,1,15,4
9,1,15,8
9,1,15,1
9,1,15,18
9,1,15,11
9,1,15,5
9,1,15,19
9,1,15,9
9,1,15,15
9,1,20,10
9,1,20,4
9,1,20,8
9,1,20,1
9,1,20,18
9,1,20,11
9,1,20,5
9,1,20,19
9,1,20,9
9,1,20,15
9,1,9,10
9,1,9,4
9,1,9,8
9,1,9,1
9,1,9,18
9,1,9,11
9,1,9,5
9,1,9,19
9,1,9,9
9,1,9,15
9,1,18,10
9,1,18,4
9,1,18,8
9,1,18,1
9,1,18,18
9,1,18,11
9,1,18,5
9,1,18,19
9,1,18,9
9,1,18,15
9,1,17,10
9,1,17,4
9,1,17,8
9,1,17,1
9,1,17,18
9,1,17,11
9,1,17,5
9,1,17,19
9,1,17,9
9,1,17,15
9,1,11,10
9,1,11,4
9,1,11,8
9,1,11,1
9,1,11,18
9,1,11,11
9,1,11,5
9,1,11,19
9,1,11,9
9,1,11,15
9,1,16,10
9,1,16,4
9,1,16,8
9,1,16,1
9,1,16,18
9,1,16,11
9,1,16,5
9,1,16,19
9,1,16,9
9,1,16,15
9,19,1,10
9,19,1,4
9,19,1,8
9,19,1,1
9,19,1,18
9,19,1,11
9,19,1,5
9,19,1,19
9,19,1,9
9,19,1,15
9,19,3,10
9,19,3,4
9,19,3,8
9,19,3,1
9,19,3,18
9,19,3,11
9,19,3,5
9,19,3,19
9,19,3,9
9,19,3,15
9,19,14,10
9,19,14,8
9,19,14,18
9,19,14,11
9,19,14,9
9,19,14,15
9,19,4,10
9,19,4,4
9,19,4,8
9,19,4,1
9,19,4,18
9,19,4,11
9,19,4,5
9,19,4,19
9,19,4,9
9,19,4,15
9,19,10,10
9,19,10,4
9,19,10,8
9,19,10,1
9,19,10,18
9,19,10,11
9,19,10,5
9,19,10,19
9,19,10,9
9,19,10,15
9,19,8,10
9,19,8,4
9,19,8,8
9,19,8,1
9,19,8,18
9,19,8,11
9,19,8,5
9,19,8,19
9,19,8,9
9,19,8,15
9,19,15,10
9,19,15,4
9,19,15,8
9,19,15,1
9,19,15,18
9,19,15,11
9,19,15,5
9,19,15,19
9,19,15,9
9,19,15,15
9,19,20,10
9,19,20,4
9,19,20,8
9,19,20,1
9,19,20,18
9,19,20,11
9,19,20,5
9,19,20,19
9,19,20,9
9,19,20,15
9,19,9,10
9,19,9,4
9,19,9,8
9,19,9,1
9,19,9,18
9,19,9,11
9,19,9,5
9,19,9,19
9,19,9,9
9,19,9,15
9,19,18,10
9,19,18,4
9,19,18,8
9,19,18,1
9,19,18,18
9,19,18,11
9,19,18,5
9,19,18,19
9,19,18,9
9,19,18,15
9,19,17,10
9,19,17,4
9,19,17,8
9,19,17,1
9,19,17,18
9,19,17,11
9,19,17,5
9,19,17,19
9,19,17,9
9,19,17,15
9,19,11,10
9,19,11,4
9,19,11,8
9,19,11,1
9,19,11,18
9,19,11,11
9,19,11,5
9,19,11,19
9,19,11,9
9,19,11,15
9,19,16,10
9,19,16,4
9,19,16,8
9,19,16,1
9,19,16,18
9,19,16,11
9,19,16,5
9,19,16,19
9,19,16,9
9,19,16,15
9,17,1,10
9,17,1,4
9,17,1,8
9,17,1,1
9,17,1,18
9,17,1,11
9,17,1,5
9,17,1,19
9,17,1,9
9,17,1,15
9,17,3,10
9,17,3,4
9,17,3,8
9,17,3,1
9,17,3,18
9,17,3,11
9,17,3,5
9,17,3,19
9,17,3,9
9,17,3,15
9,17,14,10
9,17,14,4
9,17,14,8
9,17,14,1
9,17,14,18
9,17,14,11
9,17,14,5
9,17,14,19
9,17,14,9
9,17,14,15
9,17,4,10
9,17,4,4
9,17,4,8
9,17,4,1
9,17,4,18
9,17,4,11
9,17,4,5
9,17,4,19
9,17,4,9
9,17,4,15
9,17,10,10
9,17,10,4
9,17,10,8
9,17,10,1
9,17,10,18
9,17,10,11
9,17,10,5
9,17,10,19
9,17,10,9
9,17,10,15
9,17,8,10
9,17,8,4
9,17,8,8
9,17,8,1
9,17,8,18
9,17,8,11
9,17,8,5
9,17,8,19
9,17,8,9
9,17,8,15
9,17,15,10
9,17,15,4
9,17,15,8
9,17,15,1
9,17,15,18
9,17,15,11
9,17,15,5
9,17,15,19
9,17,15,9
9,17,15,15
9,17,20,10
9,17,20,4
9,17,20,8
9,17,20,1
9,17,20,18
9,17,20,11
9,17,20,5
9,17,20,19
9,17,20,9
9,17,20,15
9,17,9,10
9,17,9,4
9,17,9,8
9,17,9,1
9,17,9,18
9,17,9,11
9,17,9,5
9,17,9,19
9,17,9,9
9,17,9,15
9,17,18,10
9,17,18,4
9,17,18,8
9,17,18,1
9,17,18,18
9,17,18,11
9,17,18,5
9,17,18,19
9,17,18,9
9,17,18,15
9,17,17,10
9,17,17,4
9,17,17,8
9,17,17,1
9,17,17,18
9,17,17,11
9,17,17,5
9,17,17,19
9,17,17,9
9,17,17,15
9,17,11,10
9,17,11,4
9,17,11,8
9,17,11,1
9,17,11,18
9,17,11,11
9,17,11,5
9,17,11,19
9,17,11,9
9,17,11,15
9,17,16,10
9,17,16,4
9,17,16,8
9,17,16,1
9,17,16,18
9,17,16,11
9,17,16,5
9,17,16,19
9,17,16,9
9,17,16,15
13,10,1,10
13,10,1,4
13,10,1,8
13,10,1,1
13,10,1,18
13,10,1,11
13,10,1,5
13,10,1,19
13,10,1,9
13,10,1,15
13,10,3,10
13,10,3,4
13,10,3,8
13,10,3,1
13,10,3,18
13,10,3,11
13,10,3,5
13,10,3,19
13,10,3,9
13,10,3,15
13,10,14,10
13,10,14,4
13,10,14,8
13,10,14,1
13,10,14,18
13,10,14,11
13,10,14,5
13,10,14,19
13,10,14,9
13,10,14,15
13,10,4,10
13,10,4,4
13,10,4,8
13,10,4,1
13,10,4,18
13,10,4,11
13,10,4,5
13,10,4,19
13,10,4,9
13,10,4,15
13,10,10,10
13,10,10,4
13,10,10,8
13,10,10,1
13,10,10,18
13,10,10,11
13,10,10,5
13,10,10,19
13,10,10,9
13,10,10,15
13,10,8,10
13,10,8,4
13,10,8,8
13,10,8,1
13,10,8,18
13,10,8,11
13,10,8,5
13,10,8,19
13,10,8,9
13,10,8,15
13,10,15,10
13,10,15,4
13,10,15,8
13,10,15,1
13,10,15,18
13,10,15,11
13,10,15,5
13,10,15,19
13,10,15,9
13,10,20,10
13,10,20,4
13,10,20,8
13,10,20,1
13,10,20,18
13,10,20,11
13,10,20,5
13,10,20,19
13,10,20,9
13,10,20,15
13,10,9,10
13,10,9,4
13,10,9,8
13,10,9,1
13,10,9,18
13,10,9,11
13,10,9,5
13,10,9,19
13,10,9,9
13,10,9,15
13,10,18,10
13,10,18,4
13,10,18,8
13,10,18,1
13,10,18,18
13,10,18,11
13,10,18,5
13,10,18,19
13,10,18,9
13,10,18,15
13,10,17,10
13,10,17,4
13,10,17,8
13,10,17,1
13,10,17,18
13,10,17,11
13,10,17,5
13,10,17,19
13,10,17,9
13,10,17,15
13,10,11,10
13,10,11,4
13,10,11,8
13,10,11,1
13,10,11,18
13,10,11,11
13,10,11,5
13,10,11,19
13,10,11,9
13,10,11,15
13,10,16,10
13,10,16,4
13,10,16,8
13,10,16,1
13,10,16,18
13,10,16,11
13,10,16,5
13,10,16,19
13,10,16,9
13,10,16,15
13,8,1,10
13,8,1,4
13,8,1,8
13,8,1,1
13,8,1,18
13,8,1,11
13,8,1,5
13,8,1,19
13,8,1,9
13,8,1,15
13,8,3,10
13,8,3,4
13,8,3,8
13,8,3,1
13,8,3,18
13,8,3,11
13,8,3,5
13,8,3,19
13,8,3,9
13,8,3,15
13,8,14,10
13,8,14,4
13,8,14,8
13,8,14,1
13,8,14,18
13,8,14,11
13,8,14,5
13,8,14,19
13,8,14,9
13,8,14,15
13,8,4,10
13,8,4,4
13,8,4,8
13,8,4,1
13,8,4,18
13,8,4,11
13,8,4,5
13,8,4,19
13,8,4,9
13,8,4,15
13,8,10,10
13,8,10,4
13,8,10,8
13,8,10,1
13,8,10,18
13,8,10,11
13,8,10,5
13,8,10,19
13,8,10,9
13,8,10,15
13,8,8,10
13,8,8,4
13,8,8,8
13,8,8,1
13,8,8,18
13,8,8,11
13,8,8,5
13,8,8,19
13,8,8,9
13,8,8,15
13,8,15,10
13,8,15,4
13,8,15,8
13,8,15,1
13,8,15,18
13,8,15,11
13,8,15,5
13,8,15,19
13,8,15,9
13,8,15,15
13,8,20,10
13,8,20,4
13,8,20,8
13,8,20,1
13,8,20,18
13,8,20,11
13,8,20,5
13,8,20,19
13,8,20,9
13,8,20,15
13,8,9,10
13,8,9,4
13,8,9,8
13,8,9,1
13,8,9,18
13,8,9,11
13,8,9,5
13,8,9,19
13,8,9,9
13,8,9,15
13,8,18,10
13,8,18,4
13,8,18,8
13,8,18,1
13,8,18,18
13,8,18,11
13,8,18,5
13,8,18,19
13,8,18,9
13,8,18,15
13,8,17,10
13,8,17,4
13,8,17,8
13,8,17,1
13,8,17,18
13,8,17,11
13,8,17,5
13,8,17,19
13,8,17,9
13,8,17,15
13,8,11,10
13,8,11,4
13,8,11,8
13,8,11,1
13,8,11,18
13,8,11,11
13,8,11,5
13,8,11,19
13,8,11,9
13,8,11,15
13,8,16,10
13,8,16,4
13,8,16,8
13,8,16,1
13,8,16,18
13,8,16,11
13,8,16,5
13,8,16,19
13,8,16,9
13,8,16,15
13,18,1,10
13,18,1,4
13,18,1,8
13,18,1,1
13,18,1,18
13,18,1,11
13,18,1,5
13,18,1,19
13,18,1,9
13,18,1,15
13,18,3,10
13,18,3,4
13,18,3,8
13,18,3,1
13,18,3,18
13,18,3,11
13,18,3,5
13,18,3,19
13,18,3,9
13,18,3,15
13,18,14,10
13,18,14,4
13,18,14,8
13,18,14,1
13,18,14,18
13,18,14,11
13,18,14,5
13,18,14,19
13,18,14,9
13,18,14,15
13,18,4,10
13,18,4,4
13,18,4,8
13,18,4,1
13,18,4,18
13,18,4,11
13,18,4,5
13,18,4,19
13,18,4,9
13,18,4,15
13,18,10,10
13,18,10,4
13,18,10,8
13,18,10,1
13,18,10,18
13,18,10,11
13,18,10,5
13,18,10,19
13,18,10,9
13,18,10,15
13,18,8,10
13,18,8,4
13,18,8,8
13,18,8,1
13,18,8,18
13,18,8,11
13,18,8,5
13,18,8,19
13,18,8,9
13,18,8,15
13,18,15,4
13,18,15,8
13,18,15,1
13,18,15,18
13,18,15,11
13,18,15,5
13,18,15,19
13,18,15,9
13,18,15,15
13,18,20,10
13,18,20,4
13,18,20,8
13,18,20,1
13,18,20,18
13,18,20,11
13,18,20,5
13,18,20,19
13,18,20,9
13,18,20,15
13,18,9,10
13,18,9,4
13,18,9,8
13,18,9,1
13,18,9,18
13,18,9,11
13,18,9,5
13,18,9,19
13,18,9,9
13,18,9,15
13,18,18,10
13,18,18,4
13,18,18,8
13,18,18,1
13,18,18,18
13,18,18,11
13,18,18,5
13,18,18,19
13,18,18,9
13,18,18,15
13,18,17,10
13,18,17,4
13,18,17,8
13,18,17,1
13,18,17,18
13,18,17,11
13,18,17,5
13,18,17,19
13,18,17,9
13,18,17,15
13,18,11,10
13,18,11,4
13,18,11,8
13,18,11,1
13,18,11,18
13,18,11,11
13,18,11,5
13,18,11,19
13,18,11,9
13,18,11,15
13,18,16,10
13,18,16,4
13,18,16,8
13,18,16,1
13,18,16,18
13,18,16,11
13,18,16,5
13,18,16,19
13,18,16,9
13,18,16,15
13,1,1,10
13,1,1,4
13,1,1,8
13,1,1,1
13,1,1,18
13,1,1,11
13,1,1,5
13,1,1,19
13,1,1,9
13,1,1,15
13,1,3,10
13,1,3,4
13,1,3,8
13,1,3,1
13,1,3,18
13,1,3,11
13,1,3,5
13,1,3,19
13,1,3,9
13,1,3,15
13,1,14,10
13,1,14,4
13,1,14,8
13,1,14,1
13,1,14,18
13,1,14,11
13,1,14,5
13,1,14,19
13,1,14,9
13,1,14,15
13,1,4,10
13,1,4,4
13,1,4,8
13,1,4,1
13,1,4,18
13,1,4,11
13,1,4,5
13,1,4,19
13,1,4,9
13,1,4,15
13,1,10,10
13,1,10,4
13,1,10,8
13,1,10,1
13,1,10,18
13,1,10,11
13,1,10,5
13,1,10,19
13,1,10,9
13,1,10,15
13,1,8,10
13,1,8,4
13,1,8,8
13,1,8,1
13,1,8,18
13,1,8,11
13,1,8,5
13,1,8,19
13,1,8,9
13,1,8,15
13,1,15,10
13,1,15,4
13,1,15,8
13,1,15,1
13,1,15,18
13,1,15,11
13,1,15,5
13,1,15,19
13,1,15,9
13,1,15,15
13,1,20,10
13,1,20,4
13,1,20,8
13,1,20,1
13,1,20,18
13,1,20,11
13,1,20,5
13,1,20,19
13,1,20,9
13,1,20,15
13,1,9,10
13,1,9,4
13,1,9,8
13,1,9,1
13,1,9,18
13,1,9,11
13,1,9,5
13,1,9,19
13,1,9,9
13,1,9,15
13,1,18,10
13,1,18,4
13,1,18,8
13,1,18,1
13,1,18,18
13,1,18,11
13,1,18,5
13,1,18,19
13,1,18,9
13,1,18,15
13,1,17,10
13,1,17,4
13,1,17,8
13,1,17,1
13,1,17,18
13,1,17,11
13,1,17,5
13,1,17,19
13,1,17,9
13,1,17,15
13,1,11,10
13,1,11,4
13,1,11,8
13,1,11,1
13,1,11,18
13,1,11,11
13,1,11,5
13,1,11,19
13,1,11,9
13,1,11,15
13,1,16,10
13,1,16,4
13,1,16,8
13,1,16,1
13,1,16,18
13,1,16,11
13,1,16,5
13,1,16,19
13,1,16,9
13,1,16,15
13,19,1,10
13,19,1,4
13,19,1,8
13,19,1,1
13,19,1,18
13,19,1,11
13,19,1,5
13,19,1,19
13,19,1,9
13,19,1,15
13,19,3,10
13,19,3,4
13,19,3,8
13,19,3,1
13,19,3,18
13,19,3,11
13,19,3,5
13,19,3,19
13,19,3,9
13,19,3,15
13,19,14,9
13,19,4,10
13,19,4,4
13,19,4,8
13,19,4,1
13,19,4,18
13,19,4,11
13,19,4,5
13,19,4,19
13,19,4,9
13,19,4,15
13,19,10,10
13,19,10,4
13,19,10,8
13,19,10,1
13,19,10,18
13,19,10,11
13,19,10,5
13,19,10,19
13,19,10,9
13,19,10,15
13,19,8,10
13,19,8,4
13,19,8,8
13,19,8,1
13,19,8,18
13,19,8,11
13,19,8,5
13,19,8,19
13,19,8,9
13,19,8,15
13,19,15,10
13,19,15,4
13,19,15,8
13,19,15,1
13,19,15,18
13,19,15,11
13,19,15,5
13,19,15,19
13,19,15,9
13,19,15,15
13,19,20,10
13,19,20,4
13,19,20,8
13,19,20,1
13,19,20,18
13,19,20,11
13,19,20,5
13,19,20,19
13,19,20,9
13,19,20,15
13,19,9,10
13,19,9,4
13,19,9,8
13,19,9,1
13,19,9,18
13,19,9,11
13,19,9,5
13,19,9,19
13,19,9,9
13,19,9,15
13,19,18,10
13,19,18,4
13,19,18,8
13,19,18,1
13,19,18,18
13,19,18,11
13,19,18,5
13,19,18,19
13,19,18,9
13,19,18,15
13,19,17,10
13,19,17,4
13,19,17,8
13,19,17,1
13,19,17,18
13,19,17,11
13,19,17,5
13,19,17,19
13,19,17,9
13,19,17,15
13,19,11,10
13,19,11,4
13,19,11,8
13,19,11,1
13,19,11,18
13,19,11,11
13,19,11,5
13,19,11,19
13,19,11,9
13,19,11,15
13,19,16,10
13,19,16,4
13,19,16,8
13,19,16,1
13,19,16,18
13,19,16,11
13,19,16,5
13,19,16,19
13,19,16,9
13,19,16,15
13,17,1,10
13,17,1,4
13,17,1,8
13,17,1,1
13,17,1,18
13,17,1,11
13,17,1,5
13,17,1,19
13,17,1,9
13,17,1,15
13,17,3,10
13,17,3,4
13,17,3,8
13,17,3,1
13,17,3,18
13,17,3,11
13,17,3,5
13,17,3,19
13,17,3,9
13,17,3,15
13,17,14,10
13,17,14,4
13,17,14,8
13,17,14,1
13,17,14,18
13,17,14,11
13,17,14,5
13,17,14,19
13,17,14,9
13,17,14,15
13,17,4,10
13,17,4,4
13,17,4,8
13,17,4,1
13,17,4,18
13,17,4,11
13,17,4,5
13,17,4,19
13,17,4,9
13,17,4,15
13,17,10,10
13,17,10,4
13,17,10,8
13,17,10,1
13,17,10,18
13,17,10,11
13,17,10,5
13,17,10,19
13,17,10,9
13,17,10,15
13,17,8,10
13,17,8,4
13,17,8,8
13,17,8,1
13,17,8,18
13,17,8,11
13,17,8,5
13,17,8,19
13,17,8,9
13,17,8,15
13,17,15,10
13,17,15,4
13,17,15,8
13,17,15,1
13,17,15,18
13,17,15,11
13,17,15,5
13,17,15,19
13,17,15,9
13,17,15,15
13,17,20,10
13,17,20,4
13,17,20,8
13,17,20,1
13,17,20,18
13,17,20,11
13,17,20,5
13,17,20,19
13,17,20,9
13,17,20,15
13,17,9,10
13,17,9,4
13,17,9,8
13,17,9,1
13,17,9,18
13,17,9,11
13,17,9,5
13,17,9,19
13,17,9,9
13,17,9,15
13,17,18,10
13,17,18,4
13,17,18,8
13,17,18,1
13,17,18,18
13,17,18,11
13,17,18,5
13,17,18,19
13,17,18,9
13,17,18,15
13,17,17,10
13,17,17,4
13,17,17,8
13,17,17,1
13,17,17,18
13,17,17,11
13,17,17,5
13,17,17,19
13,17,17,9
13,17,17,15
13,17,11,10
13,17,11,4
13,17,11,8
13,17,11,1
13,17,11,18
13,17,11,11
13,17,11,5
13,17,11,19
13,17,11,9
13,17,11,15
13,17,16,10
13,17,16,4
13,17,16,8
13,17,16,1
13,17,16,18
13,17,16,11
13,17,16,5
13,17,16,19
13,17,16,9
13,17,16,15
15,10,1,10
15,10,1,4
15,10,1,8
15,10,1,1
15,10,1,18
15,10,1,11
15,10,1,5
15,10,1,19
15,10,1,9
15,10,1,15
15,10,3,10
15,10,3,4
15,10,3,8
15,10,3,1
15,10,3,18
15,10,3,11
15,10,3,5
15,10,3,19
15,10,3,9
15,10,3,15
15,10,14,10
15,10,14,4
15,10,14,8
15,10,14,1
15,10,14,18
15,10,14,11
15,10,14,5
15,10,14,19
15,10,14,9
15,10,14,15
15,10,4,10
15,10,4,4
15,10,4,8
15,10,4,1
15,10,4,18
15,10,4,11
15,10,4,5
15,10,4,19
15,10,4,9
15,10,4,15
15,10,10,10
15,10,10,4
15,10,10,8
15,10,10,1
15,10,10,18
15,10,10,11
15,10,10,5
15,10,10,19
15,10,10,9
15,10,10,15
15,10,8,10
15,10,8,4
15,10,8,8
15,10,8,1
15,10,8,18
15,10,8,11
15,10,8,5
15,10,8,19
15,10,8,9
15,10,8,15
15,10,15,10
15,10,15,1
15,10,15,18
15,10,15,5
15,10,15,9
15,10,20,10
15,10,20,4
15,10,20,8
15,10,20,1
15,10,20,18
15,10,20,11
15,10,20,5
15,10,20,19
15,10,20,9
15,10,20,15
15,10,9,10
15,10,9,4
15,10,9,8
15,10,9,1
15,10,9,18
15,10,9,11
15,10,9,5
15,10,9,19
15,10,9,9
15,10,9,15
15,10,18,10
15,10,18,4
15,10,18,8
15,10,18,1
15,10,18,18
15,10,18,11
15,10,18,5
15,10,18,19
15,10,18,9
15,10,18,15
15,10,17,10
15,10,17,4
15,10,17,8
15,10,17,1
15,10,17,18
15,10,17,11
15,10,17,5
15,10,17,19
15,10,17,9
15,10,17,15
15,10,11,10
15,10,11,4
15,10,11,8
15,10,11,1
15,10,11,18
15,10,11,11
15,10,11,5
15,10,11,19
15,10,11,9
15,10,11,15
15,10,16,10
15,10,16,4
15,10,16,8
15,10,16,1
15,10,16,18
15,10,16,11
15,10,16,5
15,10,16,19
15,10,16,9
15,10,16,15
15,8,1,10
15,8,1,4
15,8,1,8
15,8,1,1
15,8,1,18
15,8,1,11
15,8,1,5
15,8,1,19
15,8,1,9
15,8,1,15
15,8,3,10
15,8,3,4
15,8,3,8
15,8,3,1
15,8,3,18
15,8,3,11
15,8,3,5
15,8,3,19
15,8,3,9
15,8,3,15
15,8,14,10
15,8,14,4
15,8,14,8
15,8,14,1
15,8,14,18
15,8,14,11
15,8,14,5
15,8,14,19
15,8,14,9
15,8,14,15
15,8,4,10
15,8,4,4
15,8,4,8
15,8,4,1
15,8,4,18
15,8,4,11
15,8,4,5
15,8,4,19
15,8,4,9
15,8,4,15
15,8,10,10
15,8,10,4
15,8,10,8
15,8,10,1
15,8,10,18
15,8,10,11
15,8,10,5
15,8,10,19
15,8,10,9
15,8,10,15
15,8,8,10
15,8,8,4
15,8,8,8
15,8,8,1
15,8,8,18
15,8,8,11
15,8,8,5
15,8,8,19
15,8,8,9
15,8,8,15
15,8,15,10
15,8,15,4
15,8,15,8
15,8,15,1
15,8,15,18
15,8,15,11
15,8,15,5
15,8,15,19
15,8,15,9
15,8,15,15
15,8,20,10
15,8,20,4
15,8,20,8
15,8,20,1
15,8,20,18
15,8,20,11
15,8,20,5
15,8,20,19
15,8,20,9
15,8,20,15
15,8,9,10
15,8,9,4
15,8,9,8
15,8,9,1
15,8,9,18
15,8,9,11
15,8,9,5
15,8,9,19
15,8,9,9
15,8,9,15
15,8,18,10
15,8,18,4
15,8,18,8
15,8,18,1
15,8,18,18
15,8,18,11
15,8,18,5
15,8,18,19
15,8,18,9
15,8,18,15
15,8,17,10
15,8,17,4
15,8,17,8
15,8,17,1
15,8,17,18
15,8,17,11
15,8,17,5
15,8,17,19
15,8,17,9
15,8,17,15
15,8,11,10
15,8,11,4
15,8,11,8
15,8,11,1
15,8,11,18
15,8,11,11
15,8,11,5
15,8,11,19
15,8,11,9
15,8,11,15
15,8,16,10
15,8,16,4
15,8,16,8
15,8,16,1
15,8,16,18
15,8,16,11
15,8,16,5
15,8,16,19
15,8,16,9
15,8,16,15
15,18,1,10
15,18,1,4
15,18,1,8
15,18,1,1
15,18,1,18
15,18,1,11
15,18,1,5
15,18,1,19
15,18,1,9
15,18,1,15
15,18,3,10
15,18,3,4
15,18,3,8
15,18,3,1
15,18,3,18
15,18,3,11
15,18,3,5
15,18,3,19
15,18,3,9
15,18,3,15
15,18,14,1
15,18,14,11
15,18,14,9
15,18,4,10
15,18,4,4
15,18,4,8
15,18,4,1
15,18,4,18
15,18,4,11
15,18,4,5
15,18,4,19
15,18,4,9
15,18,4,15
15,18,10,10
15,18,10,4
15,18,10,8
15,18,10,1
15,18,10,18
15,18,10,11
15,18,10,5
15,18,10,19
15,18,10,9
15,18,10,15
15,18,8,10
15,18,8,4
15,18,8,8
15,18,8,1
15,18,8,18
15,18,8,11
15,18,8,5
15,18,8,19
15,18,8,9
15,18,8,15
15,18,15,10
15,18,15,4
15,18,15,8
15,18,15,1
15,18,15,18
15,18,15,11
15,18,15,5
15,18,15,19
15,18,15,9
15,18,15,15
15,18,20,10
15,18,20,4
15,18,20,8
15,18,20,1
15,18,20,18
15,18,20,11
15,18,20,5
15,18,20,19
15,18,20,9
15,18,20,15
15,18,9,10
15,18,9,4
15,18,9,8
15,18,9,1
15,18,9,18
15,18,9,11
15,18,9,5
15,18,9,19
15,18,9,9
15,18,9,15
15,18,18,10
15,18,18,4
15,18,18,8
15,18,18,1
15,18,18,18
15,18,18,11
15,18,18,5
15,18,18,19
15,18,18,9
15,18,18,15
15,18,17,10
15,18,17,4
15,18,17,8
15,18,17,1
15,18,17,18
15,18,17,11
15,18,17,5
15,18,17,19
15,18,17,9
15,18,17,15
15,18,11,10
15,18,11,4
15,18,11,8
15,18,11,1
15,18,11,18
15,18,11,11
15,18,11,5
15,18,11,19
15,18,11,9
15,18,11,15
15,18,16,10
15,18,16,4
15,18,16,8
15,18,16,1
15,18,16,18
15,18,16,11
15,18,16,5
15,18,16,19
15,18,16,9
15,18,16,15
15,1,1,10
15,1,1,4
15,1,1,8
15,1,1,1
15,1,1,18
15,1,1,11
15,1,1,5
15,1,1,19
15,1,1,9
15,1,3,10
15,1,3,4
15,1,3,18
15,1,3,11
15,1,3,5
15,1,3,19
15,1,3,9
15,1,3,15
15,1,14,10
15,1,14,4
15,1,14,8
15,1,14,1
15,1,14,18
15,1,14,11
15,1,14,5
15,1,14,19
15,1,14,9
15,1,14,15
15,1,4,10
15,1,4,4
15,1,4,8
15,1,4,18
15,1,4,11
15,1,4,5
15,1,4,19
15,1,4,9
15,1,4,15
15,1,10,10
15,1,10,4
15,1,10,8
15,1,10,1
15,1,10,18
15,1,10,11
15,1,10,5
15,1,10,19
15,1,10,9
15,1,10,15
15,1,8,10
15,1,8,4
15,1,8,8
15,1,8,18
15,1,8,11
15,1,8,5
15,1,8,19
15,1,8,9
15,1,8,15
15,1,15,11
15,1,20,10
15,1,20,4
15,1,20,1
15,1,20,11
15,1,20,5
15,1,20,19
15,1,20,9
15,1,20,15
15,1,9,10
15,1,9,4
15,1,9,8
15,1,9,1
15,1,9,18
15,1,9,11
15,1,9,5
15,1,9,19
15,1,9,9
15,1,9,15
15,1,18,10
15,1,18,4
15,1,18,8
15,1,18,1
15,1,18,18
15,1,18,11
15,1,18,5
15,1,18,19
15,1,18,9
15,1,18,15
15,1,17,10
15,1,17,4
15,1,17,8
15,1,17,1
15,1,17,18
15,1,17,11
15,1,17,5
15,1,17,19
15,1,17,9
15,1,11,10
15,1,11,4
15,1,11,8
15,1,11,1
15,1,11,18
15,1,11,11
15,1,11,5
15,1,11,19
15,1,11,9
15,1,11,15
15,1,16,10
15,1,16,4
15,1,16,8
15,1,16,18
15,1,16,11
15,1,16,19
15,1,16,9
15,1,16,15
15,19,1,10
15,19,1,4
15,19,1,8
15,19,1,1
15,19,1,18
15,19,1,11
15,19,1,5
15,19,1,19
15,19,1,9
15,19,1,15
15,19,3,10
15,19,3,4
15,19,3,8
15,19,3,1
15,19,3,18
15,19,3,11
15,19,3,5
15,19,3,19
15,19,3,9
15,19,3,15
15,19,14,9
15,19,4,10
15,19,4,4
15,19,4,8
15,19,4,1
15,19,4,18
15,19,4,11
15,19,4,5
15,19,4,19
15,19,4,9
15,19,4,15
15,19,10,10
15,19,10,4
15,19,10,8
15,19,10,1
15,19,10,18
15,19,10,11
15,19,10,5
15,19,10,19
15,19,10,9
15,19,10,15
15,19,8,10
15,19,8,4
15,19,8,8
15,19,8,1
15,19,8,18
15,19,8,11
15,19,8,5
15,19,8,19
15,19,8,9
15,19,8,15
15,19,15,10
15,19,15,4
15,19,15,8
15,19,15,1
15,19,15,18
15,19,15,11
15,19,15,9
15,19,15,15
15,19,20,10
15,19,20,4
15,19,20,8
15,19,20,1
15,19,20,18
15,19,20,11
15,19,20,5
15,19,20,19
15,19,20,9
15,19,20,15
15,19,9,10
15,19,9,4
15,19,9,8
15,19,9,1
15,19,9,18
15,19,9,11
15,19,9,5
15,19,9,19
15,19,9,9
15,19,9,15
15,19,18,10
15,19,18,4
15,19,18,8
15,19,18,1
15,19,18,18
15,19,18,11
15,19,18,5
15,19,18,19
15,19,18,9
15,19,18,15
15,19,17,10
15,19,17,4
15,19,17,8
15,19,17,1
15,19,17,18
15,19,17,11
15,19,17,5
15,19,17,19
15,19,17,9
15,19,17,15
15,19,11,10
15,19,11,4
15,19,11,8
15,19,11,1
15,19,11,18
15,19,11,11
15,19,11,5
15,19,11,19
15,19,11,9
15,19,11,15
15,19,16,10
15,19,16,4
15,19,16,8
15,19,16,1
15,19,16,18
15,19,16,11
15,19,16,5
15,19,16,19
15,19,16,9
15,19,16,15
15,17,1,10
15,17,1,4
15,17,1,8
15,17,1,1
15,17,1,18
15,17,1,11
15,17,1,5
15,17,1,19
15,17,1,9
15,17,1,15
15,17,3,10
15,17,3,4
15,17,3,8
15,17,3,1
15,17,3,18
15,17,3,11
15,17,3,5
15,17,3,19
15,17,3,9
15,17,3,15
15,17,14,10
15,17,14,4
15,17,14,8
15,17,14,1
15,17,14,18
15,17,14,11
15,17,14,5
15,17,14,19
15,17,14,9
15,17,14,15
15,17,4,10
15,17,4,4
15,17,4,8
15,17,4,1
15,17,4,18
15,17,4,11
15,17,4,5
15,17,4,19
15,17,4,9
15,17,4,15
15,17,10,10
15,17,10,4
15,17,10,8
15,17,10,1
15,17,10,18
15,17,10,11
15,17,10,5
15,17,10,19
15,17,10,9
15,17,10,15
15,17,8,10
15,17,8,4
15,17,8,8
15,17,8,1
15,17,8,18
15,17,8,11
15,17,8,5
15,17,8,19
15,17,8,9
15,17,8,15
15,17,15,10
15,17,15,4
15,17,15,8
15,17,15,1
15,17,15,18
15,17,15,11
15,17,15,5
15,17,15,19
15,17,15,9
15,17,15,15
15,17,20,10
15,17,20,4
15,17,20,8
15,17,20,1
15,17,20,18
15,17,20,11
15,17,20,5
15,17,20,19
15,17,20,9
15,17,20,15
15,17,9,10
15,17,9,4
15,17,9,8
15,17,9,1
15,17,9,18
15,17,9,11
15,17,9,5
15,17,9,19
15,17,9,9
15,17,9,15
15,17,18,10
15,17,18,4
15,17,18,8
15,17,18,1
15,17,18,18
15,17,18,11
15,17,18,5
15,17,18,19
15,17,18,9
15,17,18,15
15,17,17,10
15,17,17,4
15,17,17,8
15,17,17,1
15,17,17,18
15,17,17,11
15,17,17,5
15,17,17,19
15,17,17,9
15,17,17,15
15,17,11,10
15,17,11,4
15,17,11,8
15,17,11,1
15,17,11,18
15,17,11,11
15,17,11,5
15,17,11,19
15,17,11,9
15,17,11,15
15,17,16,10
15,17,16,4
15,17,16,8
15,17,16,1
15,17,16,18
15,17,16,11
15,17,16,5
15,17,16,19
15,17,16,9
15,17,16,15
11,10,1,10
11,10,1,4
11,10,1,8
11,10,1,1
11,10,1,18
11,10,1,11
11,10,1,5
11,10,1,19
11,10,1,9
11,10,1,15
11,10,3,10
11,10,3,4
11,10,3,8
11,10,3,1
11,10,3,18
11,10,3,11
11,10,3,5
11,10,3,19
11,10,3,9
11,10,3,15
11,10,14,10
11,10,14,4
11,10,14,8
11,10,14,1
11,10,14,18
11,10,14,11
11,10,14,5
11,10,14,19
11,10,14,9
11,10,14,15
11,10,4,10
11,10,4,4
11,10,4,8
11,10,4,1
11,10,4,18
11,10,4,11
11,10,4,5
11,10,4,19
11,10,4,9
11,10,4,15
11,10,10,10
11,10,10,4
11,10,10,8
11,10,10,1
11,10,10,18
11,10,10,11
11,10,10,5
11,10,10,19
11,10,10,9
11,10,10,15
11,10,8,10
11,10,8,4
11,10,8,8
11,10,8,1
11,10,8,18
11,10,8,11
11,10,8,5
11,10,8,19
11,10,8,9
11,10,8,15
11,10,15,10
11,10,15,4
11,10,15,8
11,10,15,1
11,10,15,18
11,10,15,11
11,10,15,5
11,10,15,19
11,10,15,9
11,10,15,15
11,10,20,10
11,10,20,4
11,10,20,8
11,10,20,1
11,10,20,18
11,10,20,11
11,10,20,5
11,10,20,19
11,10,20,9
11,10,20,15
11,10,9,10
11,10,9,4
11,10,9,8
11,10,9,1
11,10,9,18
11,10,9,11
11,10,9,5
11,10,9,19
11,10,9,9
11,10,9,15
11,10,18,10
11,10,18,4
11,10,18,8
11,10,18,1
11,10,18,18
11,10,18,11
11,10,18,5
11,10,18,19
11,10,18,9
11,10,18,15
11,10,17,10
11,10,17,4
11,10,17,8
11,10,17,1
11,10,17,18
11,10,17,11
11,10,17,5
11,10,17,19
11,10,17,9
11,10,17,15
11,10,11,10
11,10,11,4
11,10,11,8
11,10,11,1
11,10,11,18
11,10,11,11
11,10,11,5
11,10,11,19
11,10,11,9
11,10,11,15
11,10,16,10
11,10,16,4
11,10,16,8
11,10,16,1
11,10,16,18
11,10,16,11
11,10,16,5
11,10,16,19
11,10,16,9
11,10,16,15
11,8,1,10
11,8,1,4
11,8,1,8
11,8,1,1
11,8,1,18
11,8,1,11
11,8,1,5
11,8,1,19
11,8,1,9
11,8,1,15
11,8,3,10
11,8,3,4
11,8,3,8
11,8,3,1
11,8,3,18
11,8,3,11
11,8,3,5
11,8,3,19
11,8,3,9
11,8,3,15
11,8,14,10
11,8,14,4
11,8,14,8
11,8,14,1
11,8,14,18
11,8,14,11
11,8,14,5
11,8,14,19
11,8,14,9
11,8,14,15
11,8,4,10
11,8,4,4
11,8,4,8
11,8,4,1
11,8,4,18
11,8,4,11
11,8,4,5
11,8,4,19
11,8,4,9
11,8,4,15
11,8,10,10
11,8,10,4
11,8,10,8
11,8,10,1
11,8,10,18
11,8,10,11
11,8,10,5
11,8,10,19
11,8,10,9
11,8,10,15
11,8,8,10
11,8,8,4
11,8,8,8
11,8,8,1
11,8,8,18
11,8,8,11
11,8,8,5
11,8,8,19
11,8,8,9
11,8,8,15
11,8,15,10
11,8,15,4
11,8,15,8
11,8,15,1
11,8,15,18
11,8,15,11
11,8,15,5
11,8,15,19
11,8,15,9
11,8,15,15
11,8,20,10
11,8,20,4
11,8,20,8
11,8,20,1
11,8,20,18
11,8,20,11
11,8,20,5
11,8,20,19
11,8,20,9
11,8,20,15
11,8,9,10
11,8,9,4
11,8,9,8
11,8,9,1
11,8,9,18
11,8,9,11
11,8,9,5
11,8,9,19
11,8,9,9
11,8,9,15
11,8,18,10
11,8,18,4
11,8,18,8
11,8,18,1
11,8,18,18
11,8,18,11
11,8,18,5
11,8,18,19
11,8,18,9
11,8,18,15
11,8,17,10
11,8,17,4
11,8,17,8
11,8,17,1
11,8,17,18
11,8,17,11
11,8,17,5
11,8,17,19
11,8,17,9
11,8,17,15
11,8,11,10
11,8,11,4
11,8,11,8
11,8,11,1
11,8,11,18
11,8,11,11
11,8,11,5
11,8,11,19
11,8,11,9
11,8,11,15
11,8,16,10
11,8,16,4
11,8,16,8
11,8,16,1
11,8,16,18
11,8,16,11
11,8,16,5
11,8,16,19
11,8,16,9
11,8,16,15
11,18,1,10
11,18,1,4
11,18,1,8
11,18,1,1
11,18,1,18
11,18,1,11
11,18,1,5
11,18,1,19
11,18,1,9
11,18,1,15
11,18,3,10
11,18,3,4
11,18,3,8
11,18,3,1
11,18,3,18
11,18,3,11
11,18,3,5
11,18,3,19
11,18,3,9
11,18,3,15
11,18,14,10
11,18,14,4
11,18,14,8
11,18,14,1
11,18,14,18
11,18,14,11
11,18,14,5
11,18,14,19
11,18,14,9
11,18,14,15
11,18,4,10
11,18,4,4
11,18,4,8
11,18,4,1
11,18,4,18
11,18,4,11
11,18,4,5
11,18,4,19
11,18,4,9
11,18,4,15
11,18,10,10
11,18,10,4
11,18,10,8
11,18,10,1
11,18,10,18
11,18,10,11
11,18,10,5
11,18,10,19
11,18,10,9
11,18,10,15
11,18,8,10
11,18,8,4
11,18,8,8
11,18,8,1
11,18,8,18
11,18,8,11
11,18,8,5
11,18,8,19
11,18,8,9
11,18,8,15
11,18,15,10
11,18,15,4
11,18,15,8
11,18,15,1
11,18,15,18
11,18,15,11
11,18,15,5
11,18,15,19
11,18,15,9
11,18,15,15
11,18,20,10
11,18,20,4
11,18,20,8
11,18,20,1
11,18,20,18
11,18,20,11
11,18,20,5
11,18,20,19
11,18,20,9
11,18,20,15
11,18,9,10
11,18,9,4
11,18,9,8
11,18,9,1
11,18,9,18
11,18,9,11
11,18,9,5
11,18,9,19
11,18,9,9
11,18,9,15
11,18,18,10
11,18,18,4
11,18,18,8
11,18,18,1
11,18,18,18
11,18,18,11
11,18,18,5
11,18,18,19
11,18,18,9
11,18,18,15
11,18,17,10
11,18,17,4
11,18,17,8
11,18,17,1
11,18,17,18
11,18,17,11
11,18,17,5
11,18,17,19
11,18,17,9
11,18,17,15
11,18,11,10
11,18,11,4
11,18,11,8
11,18,11,1
11,18,11,18
11,18,11,11
11,18,11,5
11,18,11,19
11,18,11,9
11,18,11,15
11,18,16,10
11,18,16,4
11,18,16,8
11,18,16,1
11,18,16,18
11,18,16,11
11,18,16,5
11,18,16,19
11,18,16,9
11,18,16,15
11,1,1,10
11,1,1,4
11,1,1,8
11,1,1,1
11,1,1,18
11,1,1,11
11,1,1,5
11,1,1,19
11,1,1,9
11,1,1,15
11,1,3,10
11,1,3,4
11,1,3,8
11,1,3,1
11,1,3,18
11,1,3,11
11,1,3,5
11,1,3,19
11,1,3,9
11,1,3,15
11,1,14,10
11,1,14,4
11,1,14,8
11,1,14,1
11,1,14,18
11,1,14,11
11,1,14,5
11,1,14,19
11,1,14,9
11,1,14,15
11,1,4,10
11,1,4,4
11,1,4,8
11,1,4,1
11,1,4,18
11,1,4,11
11,1,4,5
11,1,4,19
11,1,4,9
11,1,4,15
11,1,10,10
11,1,10,4
11,1,10,8
11,1,10,1
11,1,10,18
11,1,10,11
11,1,10,5
11,1,10,19
11,1,10,9
11,1,10,15
11,1,8,10
11,1,8,4
11,1,8,8
11,1,8,1
11,1,8,18
11,1,8,11
11,1,8,5
11,1,8,19
11,1,8,9
11,1,8,15
11,1,15,10
11,1,15,4
11,1,15,8
11,1,15,1
11,1,15,18
11,1,15,11
11,1,15,5
11,1,15,19
11,1,15,9
11,1,15,15
11,1,20,10
11,1,20,4
11,1,20,8
11,1,20,1
11,1,20,18
11,1,20,11
11,1,20,5
11,1,20,19
11,1,20,9
11,1,20,15
11,1,9,10
11,1,9,4
11,1,9,8
11,1,9,1
11,1,9,18
11,1,9,11
11,1,9,5
11,1,9,19
11,1,9,9
11,1,9,15
11,1,18,10
11,1,18,4
11,1,18,8
11,1,18,1
11,1,18,18
11,1,18,11
11,1,18,5
11,1,18,19
11,1,18,9
11,1,18,15
11,1,17,10
11,1,17,4
11,1,17,8
11,1,17,1
11,1,17,18
11,1,17,11
11,1,17,5
11,1,17,19
11,1,17,9
11,1,17,15
11,1,11,10
11,1,11,4
11,1,11,8
11,1,11,1
11,1,11,18
11,1,11,11
11,1,11,5
11,1,11,19
11,1,11,9
11,1,11,15
11,1,16,10
11,1,16,4
11,1,16,8
11,1,16,1
11,1,16,18
11,1,16,11
11,1,16,5
11,1,16,19
11,1,16,9
11,1,16,15
11,19,1,10
11,19,1,4
11,19,1,8
11,19,1,1
11,19,1,18
11,19,1,11
11,19,1,5
11,19,1,19
11,19,1,9
11,19,1,15
11,19,3,10
11,19,3,4
11,19,3,8
11,19,3,1
11,19,3,18
11,19,3,11
11,19,3,5
11,19,3,19
11,19,3,9
11,19,3,15
11,19,14,10
11,19,14,4
11,19,14,8
11,19,14,1
11,19,14,18
11,19,14,11
11,19,14,5
11,19,14,19
11,19,14,9
11,19,14,15
11,19,4,10
11,19,4,4
11,19,4,8
11,19,4,1
11,19,4,18
11,19,4,11
11,19,4,5
11,19,4,19
11,19,4,9
11,19,4,15
11,19,10,10
11,19,10,4
11,19,10,8
11,19,10,1
11,19,10,18
11,19,10,11
11,19,10,5
11,19,10,19
11,19,10,9
11,19,10,15
11,19,8,10
11,19,8,4
11,19,8,8
11,19,8,1
11,19,8,18
11,19,8,11
11,19,8,5
11,19,8,19
11,19,8,9
11,19,8,15
11,19,15,10
11,19,15,4
11,19,15,8
11,19,15,1
11,19,15,18
11,19,15,11
11,19,15,5
11,19,15,19
11,19,15,9
11,19,15,15
11,19,20,10
11,19,20,4
11,19,20,8
11,19,20,1
11,19,20,18
11,19,20,11
11,19,20,5
11,19,20,19
11,19,20,9
11,19,20,15
11,19,9,10
11,19,9,4
11,19,9,8
11,19,9,1
11,19,9,18
11,19,9,11
11,19,9,5
11,19,9,19
11,19,9,9
11,19,9,15
11,19,18,10
11,19,18,4
11,19,18,8
11,19,18,1
11,19,18,18
11,19,18,11
11,19,18,5
11,19,18,19
11,19,18,9
11,19,18,15
11,19,17,10
11,19,17,4
11,19,17,8
11,19,17,1
11,19,17,18
11,19,17,11
11,19,17,5
11,19,17,19
11,19,17,9
11,19,17,15
11,19,11,10
11,19,11,4
11,19,11,8
11,19,11,1
11,19,11,18
11,19,11,11
11,19,11,5
11,19,11,19
11,19,11,9
11,19,11,15
11,19,16,10
11,19,16,4
11,19,16,8
11,19,16,1
11,19,16,18
11,19,16,11
11,19,16,5
11,19,16,19
11,19,16,9
11,19,16,15
11,17,1,10
11,17,1,4
11,17,1,8
11,17,1,1
11,17,1,18
11,17,1,11
11,17,1,5
11,17,1,19
11,17,1,9
11,17,1,15
11,17,3,10
11,17,3,4
11,17,3,8
11,17,3,1
11,17,3,18
11,17,3,11
11,17,3,5
11,17,3,19
11,17,3,9
11,17,3,15
11,17,14,10
11,17,14,4
11,17,14,8
11,17,14,1
11,17,14,18
11,17,14,11
11,17,14,5
11,17,14,19
11,17,14,9
11,17,14,15
11,17,4,10
11,17,4,4
11,17,4,8
11,17,4,1
11,17,4,18
11,17,4,11
11,17,4,5
11,17,4,19
11,17,4,9
11,17,4,15
11,17,10,10
11,17,10,4
11,17,10,8
11,17,10,1
11,17,10,18
11,17,10,11
11,17,10,5
11,17,10,19
11,17,10,9
11,17,10,15
11,17,8,10
11,17,8,4
11,17,8,8
11,17,8,1
11,17,8,18
11,17,8,11
11,17,8,5
11,17,8,19
11,17,8,9
11,17,8,15
11,17,15,10
11,17,15,4
11,17,15,8
11,17,15,1
11,17,15,18
11,17,15,11
11,17,15,5
11,17,15,19
11,17,15,9
11,17,15,15
11,17,20,10
11,17,20,4
11,17,20,8
11,17,20,1
11,17,20,18
11,17,20,11
11,17,20,5
11,17,20,19
11,17,20,9
11,17,20,15
11,17,9,10
11,17,9,4
11,17,9,8
11,17,9,1
11,17,9,18
11,17,9,11
11,17,9,5
11,17,9,19
11,17,9,9
11,17,9,15
11,17,18,10
11,17,18,4
11,17,18,8
11,17,18,1
11,17,18,18
11,17,18,11
11,17,18,5
11,17,18,19
11,17,18,9
11,17,18,15
11,17,17,10
11,17,17,4
11,17,17,8
11,17,17,1
11,17,17,18
11,17,17,11
11,17,17,5
11,17,17,19
11,17,17,9
11,17,17,15
11,17,11,10
11,17,11,4
11,17,11,8
11,17,11,1
11,17,11,18
11,17,11,11
11,17,11,5
11,17,11,19
11,17,11,9
11,17,11,15
11,17,16,10
11,17,16,4
11,17,16,8
11,17,16,1
11,17,16,18
11,17,16,11
11,17,16,5
11,17,16,19
11,17,16,9
11,17,16,15
16,10,1,10
16,10,1,4
16,10,1,8
16,10,1,1
16,10,1,18
16,10,1,11
16,10,1,5
16,10,1,19
16,10,1,9
16,10,1,15
16,10,3,10
16,10,3,4
16,10,3,8
16,10,3,1
16,10,3,18
16,10,3,11
16,10,3,5
16,10,3,19
16,10,3,9
16,10,3,15
16,10,14,10
16,10,14,4
16,10,14,8
16,10,14,1
16,10,14,18
16,10,14,11
16,10,14,5
16,10,14,19
16,10,14,9
16,10,14,15
16,10,4,10
16,10,4,4
16,10,4,8
16,10,4,1
16,10,4,18
16,10,4,11
16,10,4,5
16,10,4,19
16,10,4,9
16,10,4,15
16,10,10,10
16,10,10,4
16,10,10,8
16,10,10,1
16,10,10,18
16,10,10,11
16,10,10,5
16,10,10,19
16,10,10,9
16,10,10,15
16,10,8,10
16,10,8,4
16,10,8,8
16,10,8,1
16,10,8,18
16,10,8,11
16,10,8,5
16,10,8,19
16,10,8,9
16,10,8,15
16,10,15,10
16,10,15,4
16,10,15,8
16,10,15,1
16,10,15,18
16,10,15,11
16,10,15,5
16,10,15,19
16,10,15,9
16,10,15,15
16,10,20,10
16,10,20,4
16,10,20,8
16,10,20,1
16,10,20,18
16,10,20,11
16,10,20,5
16,10,20,19
16,10,20,9
16,10,20,15
16,10,9,10
16,10,9,4
16,10,9,8
16,10,9,1
16,10,9,18
16,10,9,11
16,10,9,5
16,10,9,19
16,10,9,9
16,10,9,15
16,10,18,10
16,10,18,4
16,10,18,8
16,10,18,1
16,10,18,18
16,10,18,11
16,10,18,5
16,10,18,19
16,10,18,9
16,10,18,15
16,10,17,10
16,10,17,4
16,10,17,8
16,10,17,1
16,10,17,18
16,10,17,11
16,10,17,5
16,10,17,19
16,10,17,9
16,10,17,15
16,10,11,10
16,10,11,4
16,10,11,8
16,10,11,1
16,10,11,18
16,10,11,11
16,10,11,5
16,10,11,19
16,10,11,9
16,10,11,15
16,10,16,10
16,10,16,4
16,10,16,8
16,10,16,1
16,10,16,18
16,10,16,11
16,10,16,5
16,10,16,19
16,10,16,9
16,10,16,15
16,8,1,10
16,8,1,4
16,8,1,8
16,8,1,1
16,8,1,18
16,8,1,11
16,8,1,5
16,8,1,19
16,8,1,9
16,8,1,15
16,8,3,10
16,8,3,4
16,8,3,8
16,8,3,1
16,8,3,18
16,8,3,11
16,8,3,5
16,8,3,19
16,8,3,9
16,8,3,15
16,8,14,10
16,8,14,4
16,8,14,8
16,8,14,1
16,8,14,18
16,8,14,11
16,8,14,5
16,8,14,19
16,8,14,9
16,8,14,15
16,8,4,10
16,8,4,4
16,8,4,8
16,8,4,1
16,8,4,18
16,8,4,11
16,8,4,5
16,8,4,19
16,8,4,9
16,8,4,15
16,8,10,10
16,8,10,4
16,8,10,8
16,8,10,1
16,8,10,18
16,8,10,11
16,8,10,5
16,8,10,19
16,8,10,9
16,8,10,15
16,8,8,10
16,8,8,4
16,8,8,8
16,8,8,1
16,8,8,18
16,8,8,11
16,8,8,5
16,8,8,19
16,8,8,9
16,8,8,15
16,8,15,10
16,8,15,4
16,8,15,8
16,8,15,1
16,8,15,18
16,8,15,11
16,8,15,5
16,8,15,19
16,8,15,9
16,8,15,15
16,8,20,10
16,8,20,4
16,8,20,8
16,8,20,1
16,8,20,18
16,8,20,11
16,8,20,5
16,8,20,19
16,8,20,9
16,8,20,15
16,8,9,10
16,8,9,4
16,8,9,8
16,8,9,1
16,8,9,18
16,8,9,11
16,8,9,5
16,8,9,19
16,8,9,9
16,8,9,15
16,8,18,10
16,8,18,4
16,8,18,8
16,8,18,1
16,8,18,18
16,8,18,11
16,8,18,5
16,8,18,19
16,8,18,9
16,8,18,15
16,8,17,10
16,8,17,4
16,8,17,8
16,8,17,1
16,8,17,18
16,8,17,11
16,8,17,5
16,8,17,19
16,8,17,9
16,8,17,15
16,8,11,10
16,8,11,4
16,8,11,8
16,8,11,1
16,8,11,18
16,8,11,11
16,8,11,5
16,8,11,19
16,8,11,9
16,8,11,15
16,8,16,10
16,8,16,4
16,8,16,8
16,8,16,1
16,8,16,18
16,8,16,11
16,8,16,5
16,8,16,19
16,8,16,9
16,8,16,15
16,18,1,10
16,18,1,4
16,18,1,8
16,18,1,1
16,18,1,18
16,18,1,11
16,18,1,5
16,18,1,19
16,18,1,9
16,18,1,15
16,18,3,10
16,18,3,4
16,18,3,8
16,18,3,1
16,18,3,18
16,18,3,11
16,18,3,5
16,18,3,19
16,18,3,9
16,18,3,15
16,18,14,10
16,18,14,4
16,18,14,8
16,18,14,1
16,18,14,18
16,18,14,11
16,18,14,5
16,18,14,19
16,18,14,9
16,18,14,15
16,18,4,10
16,18,4,4
16,18,4,8
16,18,4,1
16,18,4,18
16,18,4,11
16,18,4,5
16,18,4,19
16,18,4,9
16,18,4,15
16,18,10,10
16,18,10,4
16,18,10,8
16,18,10,1
16,18,10,18
16,18,10,11
16,18,10,5
16,18,10,19
16,18,10,9
16,18,10,15
16,18,8,10
16,18,8,4
16,18,8,8
16,18,8,1
16,18,8,18
16,18,8,11
16,18,8,5
16,18,8,19
16,18,8,9
16,18,8,15
16,18,15,10
16,18,15,4
16,18,15,8
16,18,15,1
16,18,15,18
16,18,15,11
16,18,15,5
16,18,15,19
16,18,15,9
16,18,15,15
16,18,20,10
16,18,20,4
16,18,20,8
16,18,20,1
16,18,20,18
16,18,20,11
16,18,20,5
16,18,20,19
16,18,20,9
16,18,20,15
16,18,9,10
16,18,9,4
16,18,9,8
16,18,9,1
16,18,9,18
16,18,9,11
16,18,9,5
16,18,9,19
16,18,9,9
16,18,9,15
16,18,18,10
16,18,18,4
16,18,18,8
16,18,18,1
16,18,18,18
16,18,18,11
16,18,18,5
16,18,18,19
16,18,18,9
16,18,18,15
16,18,17,10
16,18,17,4
16,18,17,8
16,18,17,1
16,18,17,18
16,18,17,11
16,18,17,5
16,18,17,19
16,18,17,9
16,18,17,15
16,18,11,10
16,18,11,4
16,18,11,8
16,18,11,1
16,18,11,18
16,18,11,11
16,18,11,5
16,18,11,19
16,18,11,9
16,18,11,15
16,18,16,10
16,18,16,4
16,18,16,8
16,18,16,1
16,18,16,18
16,18,16,11
16,18,16,5
16,18,16,19
16,18,16,9
16,18,16,15
16,1,1,10
16,1,1,4
16,1,1,8
16,1,1,1
16,1,1,18
16,1,1,11
16,1,1,5
16,1,1,19
16,1,1,9
16,1,1,15
16,1,3,10
16,1,3,4
16,1,3,8
16,1,3,1
16,1,3,18
16,1,3,11
16,1,3,5
16,1,3,19
16,1,3,9
16,1,3,15
16,1,14,10
16,1,14,4
16,1,14,8
16,1,14,1
16,1,14,18
16,1,14,11
16,1,14,5
16,1,14,19
16,1,14,9
16,1,14,15
16,1,4,10
16,1,4,4
16,1,4,8
16,1,4,1
16,1,4,18
16,1,4,11
16,1,4,5
16,1,4,19
16,1,4,9
16,1,4,15
16,1,10,10
16,1,10,4
16,1,10,8
16,1,10,1
16,1,10,18
16,1,10,11
16,1,10,5
16,1,10,19
16,1,10,9
16,1,10,15
16,1,8,10
16,1,8,4
16,1,8,8
16,1,8,1
16,1,8,18
16,1,8,11
16,1,8,5
16,1,8,19
16,1,8,9
16,1,8,15
16,1,15,10
16,1,15,4
16,1,15,8
16,1,15,1
16,1,15,11
16,1,15,5
16,1,15,19
16,1,15,9
16,1,15,15
16,1,20,10
16,1,20,4
16,1,20,8
16,1,20,1
16,1,20,18
16,1,20,11
16,1,20,5
16,1,20,19
16,1,20,9
16,1,20,15
16,1,9,10
16,1,9,4
16,1,9,8
16,1,9,1
16,1,9,18
16,1,9,11
16,1,9,5
16,1,9,19
16,1,9,9
16,1,9,15
16,1,18,10
16,1,18,4
16,1,18,8
16,1,18,1
16,1,18,18
16,1,18,11
16,1,18,5
16,1,18,19
16,1,18,9
16,1,18,15
16,1,17,10
16,1,17,4
16,1,17,8
16,1,17,1
16,1,17,18
16,1,17,11
16,1,17,5
16,1,17,19
16,1,17,9
16,1,17,15
16,1,11,10
16,1,11,4
16,1,11,8
16,1,11,1
16,1,11,18
16,1,11,11
16,1,11,5
16,1,11,19
16,1,11,9
16,1,11,15
16,1,16,10
16,1,16,4
16,1,16,8
16,1,16,1
16,1,16,18
16,1,16,11
16,1,16,5
16,1,16,19
16,1,16,9
16,1,16,15
16,19,1,10
16,19,1,4
16,19,1,8
16,19,1,1
16,19,1,18
16,19,1,11
16,19,1,5
16,19,1,19
16,19,1,9
16,19,1,15
16,19,3,10
16,19,3,4
16,19,3,8
16,19,3,1
16,19,3,18
16,19,3,11
16,19,3,5
16,19,3,19
16,19,3,9
16,19,3,15
16,19,14,9
16,19,4,10
16,19,4,4
16,19,4,8
16,19,4,1
16,19,4,18
16,19,4,11
16,19,4,5
16,19,4,19
16,19,4,9
16,19,4,15
16,19,10,10
16,19,10,4
16,19,10,8
16,19,10,1
16,19,10,18
16,19,10,11
16,19,10,5
16,19,10,19
16,19,10,9
16,19,10,15
16,19,8,10
16,19,8,4
16,19,8,8
16,19,8,1
16,19,8,18
16,19,8,11
16,19,8,5
16,19,8,19
16,19,8,9
16,19,8,15
16,19,15,10
16,19,15,4
16,19,15,8
16,19,15,1
16,19,15,18
16,19,15,11
16,19,15,5
16,19,15,19
16,19,15,9
16,19,15,15
16,19,20,10
16,19,20,4
16,19,20,8
16,19,20,1
16,19,20,18
16,19,20,11
16,19,20,5
16,19,20,19
16,19,20,9
16,19,20,15
16,19,9,10
16,19,9,4
16,19,9,8
16,19,9,1
16,19,9,18
16,19,9,11
16,19,9,5
16,19,9,19
16,19,9,9
16,19,9,15
16,19,18,10
16,19,18,4
16,19,18,8
16,19,18,1
16,19,18,18
16,19,18,11
16,19,18,5
16,19,18,19
16,19,18,9
16,19,18,15
16,19,17,10
16,19,17,4
16,19,17,8
16,19,17,1
16,19,17,18
16,19,17,11
16,19,17,5
16,19,17,19
16,19,17,9
16,19,17,15
16,19,11,10
16,19,11,4
16,19,11,8
16,19,11,1
16,19,11,18
16,19,11,11
16,19,11,5
16,19,11,19
16,19,11,9
16,19,11,15
16,19,16,10
16,19,16,4
16,19,16,8
16,19,16,1
16,19,16,18
16,19,16,11
16,19,16,5
16,19,16,19
16,19,16,9
16,19,16,15
16,17,1,10
16,17,1,4
16,17,1,8
16,17,1,1
16,17,1,18
16,17,1,11
16,17,1,5
16,17,1,19
16,17,1,9
16,17,1,15
16,17,3,10
16,17,3,4
16,17,3,8
16,17,3,1
16,17,3,18
16,17,3,11
16,17,3,5
16,17,3,19
16,17,3,9
16,17,3,15
16,17,14,10
16,17,14,4
16,17,14,8
16,17,14,1
16,17,14,18
16,17,14,11
16,17,14,5
16,17,14,19
16,17,14,9
16,17,14,15
16,17,4,10
16,17,4,4
16,17,4,8
16,17,4,1
16,17,4,18
16,17,4,11
16,17,4,5
16,17,4,19
16,17,4,9
16,17,4,15
16,17,10,10
16,17,10,4
16,17,10,8
16,17,10,1
16,17,10,18
16,17,10,11
16,17,10,5
16,17,10,19
16,17,10,9
16,17,10,15
16,17,8,10
16,17,8,4
16,17,8,8
16,17,8,1
16,17,8,18
16,17,8,11
16,17,8,5
16,17,8,19
16,17,8,9
16,17,8,15
16,17,15,10
16,17,15,4
16,17,15,8
16,17,15,1
16,17,15,18
16,17,15,11
16,17,15,5
16,17,15,19
16,17,15,9
16,17,20,10
16,17,20,4
16,17,20,8
16,17,20,1
16,17,20,18
16,17,20,11
16,17,20,5
16,17,20,19
16,17,20,9
16,17,20,15
16,17,9,10
16,17,9,4
16,17,9,8
16,17,9,1
16,17,9,18
16,17,9,11
16,17,9,5
16,17,9,19
16,17,9,9
16,17,9,15
16,17,18,10
16,17,18,4
16,17,18,8
16,17,18,1
16,17,18,18
16,17,18,11
16,17,18,5
16,17,18,19
16,17,18,9
16,17,18,15
16,17,17,10
16,17,17,4
16,17,17,8
16,17,17,1
16,17,17,18
16,17,17,11
16,17,17,5
16,17,17,19
16,17,17,9
16,17,17,15
16,17,11,10
16,17,11,4
16,17,11,8
16,17,11,1
16,17,11,18
16,17,11,11
16,17,11,5
16,17,11,19
16,17,11,9
16,17,11,15
16,17,16,10
16,17,16,4
16,17,16,8
16,17,16,1
16,17,16,18
16,17,16,11
16,17,16,5
16,17,16,19
16,17,16,9
16,17,16,15
3,10,1,10
3,10,1,4
3,10,1,8
3,10,1,1
3,10,1,18
3,10,1,11
3,10,1,5
3,10,1,19
3,10,1,9
3,10,1,15
3,10,3,10
3,10,3,4
3,10,3,8
3,10,3,1
3,10,3,18
3,10,3,11
3,10,3,5
3,10,3,19
3,10,3,9
3,10,3,15
3,10,14,10
3,10,14,4
3,10,14,8
3,10,14,1
3,10,14,18
3,10,14,11
3,10,14,5
3,10,14,19
3,10,14,9
3,10,14,15
3,10,4,10
3,10,4,4
3,10,4,8
3,10,4,1
3,10,4,18
3,10,4,11
3,10,4,5
3,10,4,19
3,10,4,9
3,10,4,15
3,10,10,10
3,10,10,4
3,10,10,8
3,10,10,1
3,10,10,18
3,10,10,11
3,10,10,5
3,10,10,19
3,10,10,9
3,10,10,15
3,10,8,10
3,10,8,4
3,10,8,8
3,10,8,1
3,10,8,18
3,10,8,11
3,10,8,5
3,10,8,19
3,10,8,9
3,10,8,15
3,10,15,10
3,10,15,4
3,10,15,8
3,10,15,1
3,10,15,18
3,10,15,11
3,10,15,5
3,10,15,19
3,10,15,9
3,10,15,15
3,10,20,10
3,10,20,4
3,10,20,8
3,10,20,1
3,10,20,18
3,10,20,11
3,10,20,5
3,10,20,19
3,10,20,9
3,10,20,15
3,10,9,10
3,10,9,4
3,10,9,8
3,10,9,1
3,10,9,18
3,10,9,11
3,10,9,5
3,10,9,19
3,10,9,9
3,10,9,15
3,10,18,10
3,10,18,4
3,10,18,8
3,10,18,1
3,10,18,18
3,10,18,11
3,10,18,5
3,10,18,19
3,10,18,9
3,10,18,15
3,10,17,10
3,10,17,4
3,10,17,8
3,10,17,1
3,10,17,18
3,10,17,11
3,10,17,5
3,10,17,19
3,10,17,9
3,10,17,15
3,10,11,10
3,10,11,4
3,10,11,8
3,10,11,1
3,10,11,18
3,10,11,11
3,10,11,5
3,10,11,19
3,10,11,9
3,10,11,15
3,10,16,10
3,10,16,4
3,10,16,8
3,10,16,1
3,10,16,18
3,10,16,11
3,10,16,5
3,10,16,19
3,10,16,9
3,10,16,15
3,8,1,10
3,8,1,4
3,8,1,8
3,8,1,1
3,8,1,18
3,8,1,11
3,8,1,5
3,8,1,19
3,8,1,9
3,8,1,15
3,8,3,10
3,8,3,4
3,8,3,8
3,8,3,1
3,8,3,18
3,8,3,11
3,8,3,5
3,8,3,19
3,8,3,9
3,8,3,15
3,8,14,10
3,8,14,4
3,8,14,8
3,8,14,1
3,8,14,18
3,8,14,11
3,8,14,5
3,8,14,19
3,8,14,9
3,8,14,15
3,8,4,10
3,8,4,4
3,8,4,8
3,8,4,1
3,8,4,18
3,8,4,11
3,8,4,5
3,8,4,19
3,8,4,9
3,8,4,15
3,8,10,10
3,8,10,4
3,8,10,8
3,8,10,1
3,8,10,18
3,8,10,11
3,8,10,5
3,8,10,19
3,8,10,9
3,8,10,15
3,8,8,10
3,8,8,4
3,8,8,8
3,8,8,1
3,8,8,18
3,8,8,11
3,8,8,5
3,8,8,19
3,8,8,9
3,8,8,15
3,8,15,10
3,8,15,4
3,8,15,8
3,8,15,1
3,8,15,18
3,8,15,11
3,8,15,5
3,8,15,19
3,8,15,9
3,8,15,15
3,8,20,10
3,8,20,4
3,8,20,8
3,8,20,1
3,8,20,18
3,8,20,11
3,8,20,5
3,8,20,19
3,8,20,9
3,8,20,15
3,8,9,10
3,8,9,4
3,8,9,8
3,8,9,1
3,8,9,18
3,8,9,11
3,8,9,5
3,8,9,19
3,8,9,9
3,8,9,15
3,8,18,10
3,8,18,4
3,8,18,8
3,8,18,1
3,8,18,18
3,8,18,11
3,8,18,5
3,8,18,19
3,8,18,9
3,8,18,15
3,8,17,10
3,8,17,4
3,8,17,8
3,8,17,1
3,8,17,18
3,8,17,11
3,8,17,5
3,8,17,19
3,8,17,9
3,8,17,15
3,8,11,10
3,8,11,4
3,8,11,8
3,8,11,1
3,8,11,18
3,8,11,11
3,8,11,5
3,8,11,19
3,8,11,9
3,8,11,15
3,8,16,10
3,8,16,4
3,8,16,8
3,8,16,1
3,8,16,18
3,8,16,11
3,8,16,5
3,8,16,19
3,8,16,9
3,8,16,15
3,18,3,10
3,18,3,4
3,18,3,8
3,18,3,1
3,18,3,18
3,18,3,11
3,18,3,5
3,18,3,19
3,18,3,9
3,18,3,15
3,18,14,10
3,18,4,10
3,18,4,4
3,18,4,8
3,18,4,1
3,18,4,18
3,18,4,11
3,18,4,5
3,18,4,19
3,18,4,9
3,18,4,15
3,18,10,10
3,18,10,4
3,18,10,8
3,18,10,1
3,18,10,18
3,18,10,11
3,18,10,5
3,18,10,19
3,18,10,9
3,18,10,15
3,18,8,10
3,18,8,4
3,18,8,8
3,18,8,1
3,18,8,18
3,18,8,11
3,18,8,5
3,18,8,19
3,18,8,9
3,18,8,15
3,18,15,10
3,18,15,1
3,18,15,18
3,18,15,11
3,18,15,5
3,18,15,9
3,18,20,10
3,18,20,4
3,18,20,8
3,18,20,1
3,18,20,18
3,18,20,11
3,18,20,5
3,18,20,19
3,18,20,9
3,18,20,15
3,18,9,10
3,18,9,4
3,18,9,8
3,18,9,1
3,18,9,18
3,18,9,11
3,18,9,5
3,18,9,19
3,18,9,9
3,18,9,15
3,18,18,10
3,18,18,8
3,18,18,11
3,18,18,9
3,18,17,10
3,18,17,4
3,18,17,8
3,18,17,1
3,18,17,18
3,18,17,11
3,18,17,5
3,18,17,19
3,18,17,9
3,18,17,15
3,18,11,10
3,18,11,4
3,18,11,8
3,18,11,1
3,18,11,18
3,18,11,11
3,18,11,5
3,18,11,19
3,18,11,9
3,18,11,15
3,18,16,10
3,18,16,4
3,18,16,8
3,18,16,1
3,18,16,18
3,18,16,11
3,18,16,5
3,18,16,19
3,18,16,9
3,18,16,15
3,1,1,10
3,1,1,4
3,1,1,8
3,1,1,1
3,1,1,18
3,1,1,11
3,1,1,5
3,1,1,19
3,1,1,9
3,1,1,15
3,1,3,10
3,1,3,4
3,1,3,8
3,1,3,1
3,1,3,18
3,1,3,11
3,1,3,5
3,1,3,19
3,1,3,9
3,1,3,15
3,1,14,10
3,1,14,4
3,1,14,8
3,1,14,1
3,1,14,18
3,1,14,11
3,1,14,5
3,1,14,19
3,1,14,9
3,1,14,15
3,1,4,10
3,1,4,4
3,1,4,8
3,1,4,1
3,1,4,18
3,1,4,11
3,1,4,5
3,1,4,19
3,1,4,9
3,1,4,15
3,1,10,10
3,1,10,4
3,1,10,8
3,1,10,1
3,1,10,18
3,1,10,11
3,1,10,5
3,1,10,19
3,1,10,9
3,1,10,15
3,1,8,10
3,1,8,4
3,1,8,8
3,1,8,1
3,1,8,18
3,1,8,11
3,1,8,5
3,1,8,19
3,1,8,9
3,1,8,15
3,1,15,10
3,1,15,4
3,1,15,8
3,1,15,1
3,1,15,18
3,1,15,11
3,1,15,5
3,1,15,19
3,1,15,9
3,1,15,15
3,1,20,10
3,1,20,4
3,1,20,8
3,1,20,1
3,1,20,18
3,1,20,11
3,1,20,5
3,1,20,19
3,1,20,9
3,1,20,15
3,1,9,10
3,1,9,4
3,1,9,8
3,1,9,1
3,1,9,18
3,1,9,11
3,1,9,5
3,1,9,19
3,1,9,9
3,1,9,15
3,1,18,10
3,1,18,4
3,1,18,8
3,1,18,1
3,1,18,18
3,1,18,11
3,1,18,5
3,1,18,19
3,1,18,9
3,1,18,15
3,1,17,10
3,1,17,4
3,1,17,8
3,1,17,1
3,1,17,18
3,1,17,11
3,1,17,5
3,1,17,19
3,1,17,9
3,1,17,15
3,1,11,10
3,1,11,4
3,1,11,8
3,1,11,1
3,1,11,18
3,1,11,11
3,1,11,5
3,1,11,19
3,1,11,9
3,1,11,15
3,1,16,10
3,1,16,4
3,1,16,8
3,1,16,1
3,1,16,18
3,1,16,11
3,1,16,5
3,1,16,19
3,1,16,9
3,1,16,15
3,19,1,10
3,19,1,4
3,19,1,8
3,19,1,1
3,19,1,18
3,19,1,11
3,19,1,5
3,19,1,19
3,19,1,9
3,19,1,15
3,19,3,10
3,19,3,4
3,19,3,8
3,19,3,1
3,19,3,18
3,19,3,11
3,19,3,5
3,19,3,19
3,19,3,9
3,19,3,15
3,19,14,9
3,19,4,10
3,19,4,4
3,19,4,8
3,19,4,1
3,19,4,18
3,19,4,11
3,19,4,5
3,19,4,19
3,19,4,9
3,19,4,15
3,19,10,10
3,19,10,4
3,19,10,8
3,19,10,1
3,19,10,18
3,19,10,11
3,19,10,5
3,19,10,19
3,19,10,9
3,19,10,15
3,19,8,10
3,19,8,4
3,19,8,8
3,19,8,1
3,19,8,18
3,19,8,11
3,19,8,5
3,19,8,19
3,19,8,9
3,19,8,15
3,19,15,10
3,19,15,4
3,19,15,8
3,19,15,1
3,19,15,18
3,19,15,11
3,19,15,5
3,19,15,19
3,19,15,9
3,19,15,15
3,19,20,10
3,19,20,4
3,19,20,8
3,19,20,1
3,19,20,18
3,19,20,11
3,19,20,5
3,19,20,19
3,19,20,9
3,19,20,15
3,19,9,10
3,19,9,4
3,19,9,8
3,19,9,1
3,19,9,18
3,19,9,11
3,19,9,5
3,19,9,19
3,19,9,9
3,19,9,15
3,19,18,10
3,19,18,4
3,19,18,8
3,19,18,1
3,19,18,18
3,19,18,11
3,19,18,5
3,19,18,19
3,19,18,9
3,19,18,15
3,19,17,10
3,19,17,4
3,19,17,8
3,19,17,1
3,19,17,18
3,19,17,11
3,19,17,5
3,19,17,19
3,19,17,9
3,19,17,15
3,19,11,10
3,19,11,4
3,19,11,8
3,19,11,1
3,19,11,18
3,19,11,11
3,19,11,5
3,19,11,19
3,19,11,9
3,19,11,15
3,19,16,10
3,19,16,4
3,19,16,8
3,19,16,1
3,19,16,18
3,19,16,11
3,19,16,5
3,19,16,19
3,19,16,9
3,19,16,15
3,17,1,10
3,17,1,4
3,17,1,8
3,17,1,1
3,17,1,18
3,17,1,11
3,17,1,5
3,17,1,19
3,17,1,9
3,17,1,15
3,17,3,10
3,17,3,4
3,17,3,8
3,17,3,1
3,17,3,18
3,17,3,11
3,17,3,5
3,17,3,19
3,17,3,9
3,17,3,15
3,17,14,10
3,17,14,4
3,17,14,8
3,17,14,1
3,17,14,18
3,17,14,11
3,17,14,5
3,17,14,19
3,17,14,9
3,17,14,15
3,17,4,10
3,17,4,4
3,17,4,8
3,17,4,1
3,17,4,18
3,17,4,11
3,17,4,5
3,17,4,19
3,17,4,9
3,17,4,15
3,17,10,10
3,17,10,4
3,17,10,8
3,17,10,1
3,17,10,18
3,17,10,11
3,17,10,5
3,17,10,19
3,17,10,9
3,17,10,15
3,17,8,10
3,17,8,4
3,17,8,8
3,17,8,1
3,17,8,18
3,17,8,11
3,17,8,5
3,17,8,19
3,17,8,9
3,17,8,15
3,17,15,10
3,17,15,4
3,17,15,8
3,17,15,1
3,17,15,18
3,17,15,11
3,17,15,5
3,17,15,19
3,17,15,9
3,17,15,15
3,17,20,10
3,17,20,4
3,17,20,8
3,17,20,1
3,17,20,18
3,17,20,11
3,17,20,5
3,17,20,19
3,17,20,9
3,17,20,15
3,17,9,10
3,17,9,4
3,17,9,8
3,17,9,1
3,17,9,18
3,17,9,11
3,17,9,5
3,17,9,19
3,17,9,9
3,17,9,15
3,17,18,10
3,17,18,4
3,17,18,8
3,17,18,1
3,17,18,18
3,17,18,11
3,17,18,5
3,17,18,19
3,17,18,9
3,17,18,15
3,17,17,10
3,17,17,4
3,17,17,8
3,17,17,1
3,17,17,18
3,17,17,11
3,17,17,5
3,17,17,19
3,17,17,9
3,17,17,15
3,17,11,10
3,17,11,4
3,17,11,8
3,17,11,1
3,17,11,18
3,17,11,11
3,17,11,5
3,17,11,19
3,17,11,9
3,17,11,15
3,17,16,10
3,17,16,4
3,17,16,8
3,17,16,1
3,17,16,18
3,17,16,11
3,17,16,5
3,17,16,19
3,17,16,9
3,17,16,15
7,10,1,10
7,10,1,4
7,10,1,8
7,10,1,1
7,10,1,18
7,10,1,11
7,10,1,5
7,10,1,19
7,10,1,9
7,10,1,15
7,10,3,10
7,10,3,4
7,10,3,8
7,10,3,1
7,10,3,18
7,10,3,11
7,10,3,5
7,10,3,19
7,10,3,9
7,10,3,15
7,10,14,10
7,10,14,4
7,10,14,8
7,10,14,1
7,10,14,18
7,10,14,11
7,10,14,5
7,10,14,19
7,10,14,9
7,10,14,15
7,10,4,10
7,10,4,4
7,10,4,8
7,10,4,1
7,10,4,18
7,10,4,11
7,10,4,5
7,10,4,19
7,10,4,9
7,10,4,15
7,10,10,10
7,10,10,4
7,10,10,8
7,10,10,1
7,10,10,18
7,10,10,11
7,10,10,5
7,10,10,19
7,10,10,9
7,10,10,15
7,10,8,10
7,10,8,4
7,10,8,8
7,10,8,1
7,10,8,18
7,10,8,11
7,10,8,5
7,10,8,19
7,10,8,9
7,10,8,15
7,10,15,10
7,10,15,4
7,10,15,8
7,10,15,1
7,10,15,18
7,10,15,11
7,10,15,5
7,10,15,19
7,10,15,9
7,10,15,15
7,10,20,10
7,10,20,4
7,10,20,8
7,10,20,1
7,10,20,18
7,10,20,11
7,10,20,5
7,10,20,19
7,10,20,9
7,10,20,15
7,10,9,10
7,10,9,4
7,10,9,8
7,10,9,1
7,10,9,18
7,10,9,11
7,10,9,5
7,10,9,19
7,10,9,9
7,10,9,15
7,10,18,10
7,10,18,4
7,10,18,8
7,10,18,1
7,10,18,18
7,10,18,11
7,10,18,5
7,10,18,19
7,10,18,9
7,10,18,15
7,10,17,10
7,10,17,4
7,10,17,8
7,10,17,1
7,10,17,18
7,10,17,11
7,10,17,5
7,10,17,19
7,10,17,9
7,10,17,15
7,10,11,10
7,10,11,4
7,10,11,8
7,10,11,1
7,10,11,18
7,10,11,11
7,10,11,5
7,10,11,19
7,10,11,9
7,10,11,15
7,10,16,10
7,10,16,4
7,10,16,8
7,10,16,1
7,10,16,18
7,10,16,11
7,10,16,5
7,10,16,19
7,10,16,9
7,10,16,15
7,8,1,10
7,8,1,4
7,8,1,8
7,8,1,1
7,8,1,18
7,8,1,11
7,8,1,5
7,8,1,19
7,8,1,9
7,8,1,15
7,8,3,10
7,8,3,4
7,8,3,8
7,8,3,1
7,8,3,18
7,8,3,11
7,8,3,5
7,8,3,19
7,8,3,9
7,8,3,15
7,8,14,10
7,8,14,4
7,8,14,8
7,8,14,1
7,8,14,18
7,8,14,11
7,8,14,5
7,8,14,19
7,8,14,9
7,8,14,15
7,8,4,10
7,8,4,4
7,8,4,8
7,8,4,1
7,8,4,18
7,8,4,11
7,8,4,5
7,8,4,19
7,8,4,9
7,8,4,15
7,8,10,10
7,8,10,4
7,8,10,8
7,8,10,1
7,8,10,18
7,8,10,11
7,8,10,5
7,8,10,19
7,8,10,9
7,8,10,15
7,8,8,10
7,8,8,4
7,8,8,8
7,8,8,1
7,8,8,18
7,8,8,11
7,8,8,5
7,8,8,19
7,8,8,9
7,8,8,15
7,8,15,10
7,8,15,4
7,8,15,8
7,8,15,1
7,8,15,18
7,8,15,11
7,8,15,5
7,8,15,19
7,8,15,9
7,8,15,15
7,8,20,10
7,8,20,4
7,8,20,8
7,8,20,1
7,8,20,18
7,8,20,11
7,8,20,5
7,8,20,19
7,8,20,9
7,8,20,15
7,8,9,10
7,8,9,4
7,8,9,8
7,8,9,1
7,8,9,18
7,8,9,11
7,8,9,5
7,8,9,19
7,8,9,9
7,8,9,15
7,8,18,10
7,8,18,4
7,8,18,8
7,8,18,1
7,8,18,18
7,8,18,11
7,8,18,5
7,8,18,19
7,8,18,9
7,8,18,15
7,8,17,10
7,8,17,4
7,8,17,8
7,8,17,1
7,8,17,18
7,8,17,11
7,8,17,5
7,8,17,19
7,8,17,9
7,8,17,15
7,8,11,10
7,8,11,4
7,8,11,8
7,8,11,1
7,8,11,18
7,8,11,11
7,8,11,5
7,8,11,19
7,8,11,9
7,8,11,15
7,8,16,10
7,8,16,4
7,8,16,8
7,8,16,1
7,8,16,18
7,8,16,11
7,8,16,5
7,8,16,19
7,8,16,9
7,8,16,15
7,18,1,10
7,18,1,4
7,18,1,8
7,18,1,1
7,18,1,18
7,18,1,11
7,18,1,5
7,18,1,19
7,18,1,9
7,18,1,15
7,18,3,10
7,18,3,4
7,18,3,8
7,18,3,1
7,18,3,18
7,18,3,11
7,18,3,5
7,18,3,19
7,18,3,9
7,18,3,15
7,18,14,10
7,18,14,4
7,18,14,8
7,18,14,1
7,18,14,18
7,18,14,11
7,18,14,5
7,18,14,19
7,18,14,9
7,18,14,15
7,18,4,10
7,18,4,4
7,18,4,8
7,18,4,1
7,18,4,18
7,18,4,11
7,18,4,5
7,18,4,19
7,18,4,9
7,18,4,15
7,18,10,10
7,18,10,4
7,18,10,8
7,18,10,1
7,18,10,18
7,18,10,11
7,18,10,5
7,18,10,19
7,18,10,9
7,18,10,15
7,18,8,10
7,18,8,4
7,18,8,8
7,18,8,1
7,18,8,18
7,18,8,11
7,18,8,5
7,18,8,19
7,18,8,9
7,18,8,15
7,18,15,10
7,18,15,4
7,18,15,8
7,18,15,1
7,18,15,18
7,18,15,11
7,18,15,5
7,18,15,19
7,18,15,9
7,18,15,15
7,18,20,10
7,18,20,4
7,18,20,8
7,18,20,1
7,18,20,18
7,18,20,11
7,18,20,5
7,18,20,19
7,18,20,9
7,18,20,15
7,18,9,10
7,18,9,4
7,18,9,8
7,18,9,1
7,18,9,18
7,18,9,11
7,18,9,5
7,18,9,19
7,18,9,9
7,18,9,15
7,18,18,10
7,18,18,4
7,18,18,8
7,18,18,1
7,18,18,18
7,18,18,11
7,18,18,5
7,18,18,19
7,18,18,9
7,18,18,15
7,18,17,10
7,18,17,4
7,18,17,8
7,18,17,1
7,18,17,18
7,18,17,11
7,18,17,5
7,18,17,19
7,18,17,9
7,18,17,15
7,18,11,10
7,18,11,4
7,18,11,8
7,18,11,1
7,18,11,18
7,18,11,11
7,18,11,5
7,18,11,19
7,18,11,9
7,18,11,15
7,18,16,10
7,18,16,4
7,18,16,8
7,18,16,1
7,18,16,18
7,18,16,11
7,18,16,5
7,18,16,19
7,18,16,9
7,18,16,15
7,1,1,10
7,1,1,4
7,1,1,8
7,1,1,1
7,1,1,18
7,1,1,11
7,1,1,5
7,1,1,19
7,1,1,9
7,1,1,15
7,1,3,10
7,1,3,4
7,1,3,8
7,1,3,1
7,1,3,18
7,1,3,11
7,1,3,5
7,1,3,19
7,1,3,9
7,1,3,15
7,1,14,10
7,1,14,4
7,1,14,8
7,1,14,1
7,1,14,18
7,1,14,11
7,1,14,5
7,1,14,19
7,1,14,9
7,1,14,15
7,1,4,10
7,1,4,4
7,1,4,8
7,1,4,1
7,1,4,18
7,1,4,11
7,1,4,5
7,1,4,19
7,1,4,9
7,1,4,15
7,1,10,10
7,1,10,4
7,1,10,8
7,1,10,1
7,1,10,18
7,1,10,11
7,1,10,5
7,1,10,19
7,1,10,9
7,1,10,15
7,1,8,10
7,1,8,4
7,1,8,8
7,1,8,1
7,1,8,18
7,1,8,11
7,1,8,5
7,1,8,19
7,1,8,9
7,1,8,15
7,1,15,10
7,1,15,4
7,1,15,1
7,1,15,18
7,1,15,11
7,1,15,5
7,1,15,19
7,1,15,9
7,1,15,15
7,1,20,10
7,1,20,4
7,1,20,8
7,1,20,1
7,1,20,18
7,1,20,11
7,1,20,5
7,1,20,19
7,1,20,9
7,1,20,15
7,1,9,10
7,1,9,4
7,1,9,8
7,1,9,1
7,1,9,18
7,1,9,11
7,1,9,5
7,1,9,19
7,1,9,9
7,1,9,15
7,1,18,10
7,1,18,4
7,1,18,8
7,1,18,1
7,1,18,18
7,1,18,11
7,1,18,5
7,1,18,19
7,1,18,9
7,1,18,15
7,1,17,10
7,1,17,4
7,1,17,8
7,1,17,1
7,1,17,18
7,1,17,11
7,1,17,5
7,1,17,19
7,1,17,9
7,1,17,15
7,1,11,10
7,1,11,4
7,1,11,8
7,1,11,1
7,1,11,18
7,1,11,11
7,1,11,5
7,1,11,19
7,1,11,9
7,1,11,15
7,1,16,10
7,1,16,4
7,1,16,8
7,1,16,1
7,1,16,18
7,1,16,11
7,1,16,5
7,1,16,19
7,1,16,9
7,1,16,15
7,19,1,10
7,19,1,4
7,19,1,8
7,19,1,1
7,19,1,18
7,19,1,11
7,19,1,5
7,19,1,19
7,19,1,9
7,19,1,15
7,19,3,10
7,19,3,4
7,19,3,8
7,19,3,1
7,19,3,18
7,19,3,11
7,19,3,5
7,19,3,19
7,19,3,9
7,19,3,15
7,19,14,9
7,19,4,10
7,19,4,4
7,19,4,8
7,19,4,1
7,19,4,18
7,19,4,11
7,19,4,5
7,19,4,19
7,19,4,9
7,19,4,15
7,19,10,10
7,19,10,4
7,19,10,8
7,19,10,1
7,19,10,18
7,19,10,11
7,19,10,5
7,19,10,19
7,19,10,9
7,19,10,15
7,19,8,10
7,19,8,4
7,19,8,8
7,19,8,1
7,19,8,18
7,19,8,11
7,19,8,5
7,19,8,19
7,19,8,9
7,19,8,15
7,19,15,10
7,19,15,4
7,19,15,8
7,19,15,1
7,19,15,18
7,19,15,11
7,19,15,5
7,19,15,19
7,19,15,9
7,19,15,15
7,19,20,10
7,19,20,4
7,19,20,8
7,19,20,1
7,19,20,18
7,19,20,11
7,19,20,5
7,19,20,19
7,19,20,9
7,19,20,15
7,19,9,10
7,19,9,4
7,19,9,8
7,19,9,1
7,19,9,18
7,19,9,11
7,19,9,5
7,19,9,19
7,19,9,9
7,19,9,15
7,19,18,10
7,19,18,4
7,19,18,8
7,19,18,1
7,19,18,18
7,19,18,11
7,19,18,5
7,19,18,19
7,19,18,9
7,19,18,15
7,19,17,10
7,19,17,4
7,19,17,8
7,19,17,1
7,19,17,18
7,19,17,11
7,19,17,5
7,19,17,19
7,19,17,9
7,19,17,15
7,19,11,10
7,19,11,4
7,19,11,8
7,19,11,1
7,19,11,18
7,19,11,11
7,19,11,5
7,19,11,19
7,19,11,9
7,19,11,15
7,19,16,10
7,19,16,4
7,19,16,8
7,19,16,1
7,19,16,18
7,19,16,11
7,19,16,5
7,19,16,19
7,19,16,9
7,19,16,15
7,17,1,10
7,17,1,4
7,17,1,8
7,17,1,1
7,17,1,18
7,17,1,11
7,17,1,5
7,17,1,19
7,17,1,9
7,17,1,15
7,17,3,10
7,17,3,4
7,17,3,8
7,17,3,1
7,17,3,18
7,17,3,11
7,17,3,5
7,17,3,19
7,17,3,9
7,17,3,15
7,17,14,10
7,17,14,4
7,17,14,8
7,17,14,1
7,17,14,18
7,17,14,11
7,17,14,5
7,17,14,19
7,17,14,9
7,17,14,15
7,17,4,10
7,17,4,4
7,17,4,8
7,17,4,1
7,17,4,18
7,17,4,11
7,17,4,5
7,17,4,19
7,17,4,9
7,17,4,15
7,17,10,10
7,17,10,4
7,17,10,8
7,17,10,1
7,17,10,18
7,17,10,11
7,17,10,5
7,17,10,19
7,17,10,9
7,17,10,15
7,17,8,10
7,17,8,4
7,17,8,8
7,17,8,1
7,17,8,18
7,17,8,11
7,17,8,5
7,17,8,19
7,17,8,9
7,17,8,15
7,17,15,10
7,17,15,4
7,17,15,8
7,17,15,1
7,17,15,18
7,17,15,11
7,17,15,5
7,17,15,19
7,17,15,9
7,17,15,15
7,17,20,10
7,17,20,4
7,17,20,8
7,17,20,1
7,17,20,18
7,17,20,11
7,17,20,5
7,17,20,19
7,17,20,9
7,17,20,15
7,17,9,10
7,17,9,4
7,17,9,8
7,17,9,1
7,17,9,18
7,17,9,11
7,17,9,5
7,17,9,19
7,17,9,9
7,17,9,15
7,17,18,10
7,17,18,4
7,17,18,8
7,17,18,1
7,17,18,18
7,17,18,11
7,17,18,5
7,17,18,19
7,17,18,9
7,17,18,15
7,17,17,10
7,17,17,4
7,17,17,8
7,17,17,1
7,17,17,18
7,17,17,11
7,17,17,5
7,17,17,19
7,17,17,9
7,17,17,15
7,17,11,10
7,17,11,4
7,17,11,8
7,17,11,1
7,17,11,18
7,17,11,11
7,17,11,5
7,17,11,19
7,17,11,9
7,17,11,15
7,17,16,10
7,17,16,4
7,17,16,8
7,17,16,1
7,17,16,18
7,17,16,11
7,17,16,5
7,17,16,19
7,17,16,9
7,17,16,15
14,10,1,10
14,10,1,4
14,10,1,8
14,10,1,1
14,10,1,18
14,10,1,11
14,10,1,5
14,10,1,19
14,10,1,9
14,10,1,15
14,10,3,10
14,10,3,4
14,10,3,8
14,10,3,1
14,10,3,18
14,10,3,11
14,10,3,5
14,10,3,19
14,10,3,9
14,10,3,15
14,10,14,10
14,10,14,4
14,10,14,8
14,10,14,1
14,10,14,18
14,10,14,11
14,10,14,5
14,10,14,19
14,10,14,9
14,10,14,15
14,10,4,10
14,10,4,4
14,10,4,8
14,10,4,1
14,10,4,18
14,10,4,11
14,10,4,5
14,10,4,19
14,10,4,9
14,10,4,15
14,10,10,10
14,10,10,4
14,10,10,8
14,10,10,1
14,10,10,18
14,10,10,11
14,10,10,5
14,10,10,19
14,10,10,9
14,10,10,15
14,10,8,10
14,10,8,4
14,10,8,8
14,10,8,1
14,10,8,18
14,10,8,11
14,10,8,5
14,10,8,19
14,10,8,9
14,10,8,15
14,10,15,10
14,10,15,4
14,10,15,8
14,10,15,1
14,10,15,18
14,10,15,11
14,10,15,5
14,10,15,19
14,10,15,9
14,10,15,15
14,10,20,10
14,10,20,4
14,10,20,8
14,10,20,1
14,10,20,18
14,10,20,11
14,10,20,5
14,10,20,19
14,10,20,9
14,10,20,15
14,10,9,10
14,10,9,4
14,10,9,8
14,10,9,1
14,10,9,18
14,10,9,11
14,10,9,5
14,10,9,19
14,10,9,9
14,10,9,15
14,10,18,10
14,10,18,4
14,10,18,8
14,10,18,1
14,10,18,18
14,10,18,11
14,10,18,5
14,10,18,19
14,10,18,9
14,10,18,15
14,10,17,10
14,10,17,4
14,10,17,8
14,10,17,1
14,10,17,18
14,10,17,11
14,10,17,5
14,10,17,19
14,10,17,9
14,10,17,15
14,10,11,10
14,10,11,4
14,10,11,8
14,10,11,1
14,10,11,18
14,10,11,11
14,10,11,5
14,10,11,19
14,10,11,9
14,10,11,15
14,10,16,10
14,10,16,4
14,10,16,8
14,10,16,1
14,10,16,18
14,10,16,11
14,10,16,5
14,10,16,19
14,10,16,9
14,10,16,15
14,8,1,10
14,8,1,4
14,8,1,8
14,8,1,1
14,8,1,18
14,8,1,11
14,8,1,5
14,8,1,19
14,8,1,9
14,8,1,15
14,8,3,10
14,8,3,4
14,8,3,8
14,8,3,1
14,8,3,18
14,8,3,11
14,8,3,5
14,8,3,19
14,8,3,9
14,8,3,15
14,8,14,10
14,8,14,4
14,8,14,8
14,8,14,1
14,8,14,18
14,8,14,11
14,8,14,5
14,8,14,19
14,8,14,9
14,8,14,15
14,8,4,10
14,8,4,4
14,8,4,8
14,8,4,1
14,8,4,18
14,8,4,11
14,8,4,5
14,8,4,19
14,8,4,9
14,8,4,15
14,8,10,10
14,8,10,4
14,8,10,8
14,8,10,1
14,8,10,18
14,8,10,11
14,8,10,5
14,8,10,19
14,8,10,9
14,8,10,15
14,8,8,10
14,8,8,4
14,8,8,8
14,8,8,1
14,8,8,18
14,8,8,11
14,8,8,5
14,8,8,19
14,8,8,9
14,8,8,15
14,8,15,10
14,8,15,4
14,8,15,8
14,8,15,1
14,8,15,18
14,8,15,11
14,8,15,5
14,8,15,19
14,8,15,9
14,8,15,15
14,8,20,10
14,8,20,4
14,8,20,8
14,8,20,1
14,8,20,18
14,8,20,11
14,8,20,5
14,8,20,19
14,8,20,9
14,8,20,15
14,8,9,10
14,8,9,4
14,8,9,8
14,8,9,1
14,8,9,18
14,8,9,11
14,8,9,5
14,8,9,19
14,8,9,9
14,8,9,15
14,8,18,10
14,8,18,4
14,8,18,8
14,8,18,1
14,8,18,18
14,8,18,11
14,8,18,5
14,8,18,19
14,8,18,9
14,8,18,15
14,8,17,10
14,8,17,4
14,8,17,8
14,8,17,1
14,8,17,18
14,8,17,11
14,8,17,5
14,8,17,19
14,8,17,9
14,8,17,15
14,8,11,10
14,8,11,4
14,8,11,8
14,8,11,1
14,8,11,18
14,8,11,11
14,8,11,5
14,8,11,19
14,8,11,9
14,8,11,15
14,8,16,10
14,8,16,4
14,8,16,8
14,8,16,1
14,8,16,18
14,8,16,11
14,8,16,5
14,8,16,19
14,8,16,9
14,8,16,15
14,18,1,10
14,18,1,4
14,18,1,8
14,18,1,1
14,18,1,18
14,18,1,11
14,18,1,5
14,18,1,19
14,18,1,9
14,18,1,15
14,18,3,10
14,18,3,4
14,18,3,8
14,18,3,1
14,18,3,18
14,18,3,11
14,18,3,5
14,18,3,19
14,18,3,9
14,18,3,15
14,18,14,10
14,18,14,4
14,18,14,8
14,18,14,1
14,18,14,18
14,18,14,11
14,18,14,5
14,18,14,19
14,18,14,9
14,18,14,15
14,18,4,10
14,18,4,4
14,18,4,8
14,18,4,1
14,18,4,18
14,18,4,11
14,18,4,5
14,18,4,19
14,18,4,9
14,18,4,15
14,18,10,10
14,18,10,4
14,18,10,8
14,18,10,1
14,18,10,18
14,18,10,11
14,18,10,5
14,18,10,19
14,18,10,9
14,18,10,15
14,18,8,10
14,18,8,4
14,18,8,8
14,18,8,1
14,18,8,18
14,18,8,11
14,18,8,5
14,18,8,19
14,18,8,9
14,18,8,15
14,18,15,10
14,18,15,4
14,18,15,8
14,18,15,1
14,18,15,18
14,18,15,11
14,18,15,5
14,18,15,19
14,18,15,9
14,18,15,15
14,18,20,10
14,18,20,4
14,18,20,8
14,18,20,1
14,18,20,18
14,18,20,11
14,18,20,5
14,18,20,19
14,18,20,9
14,18,20,15
14,18,9,10
14,18,9,4
14,18,9,8
14,18,9,1
14,18,9,18
14,18,9,11
14,18,9,5
14,18,9,19
14,18,9,9
14,18,9,15
14,18,18,10
14,18,18,4
14,18,18,8
14,18,18,1
14,18,18,18
14,18,18,11
14,18,18,5
14,18,18,19
14,18,18,9
14,18,18,15
14,18,17,10
14,18,17,4
14,18,17,8
14,18,17,1
14,18,17,18
14,18,17,11
14,18,17,5
14,18,17,19
14,18,17,9
14,18,17,15
14,18,11,10
14,18,11,4
14,18,11,8
14,18,11,1
14,18,11,18
14,18,11,11
14,18,11,5
14,18,11,19
14,18,11,9
14,18,11,15
14,18,16,10
14,18,16,4
14,18,16,8
14,18,16,1
14,18,16,18
14,18,16,11
14,18,16,5
14,18,16,19
14,18,16,9
14,18,16,15
14,1,1,10
14,1,1,4
14,1,1,8
14,1,1,1
14,1,1,18
14,1,1,11
14,1,1,5
14,1,1,19
14,1,1,9
14,1,1,15
14,1,3,10
14,1,3,4
14,1,3,8
14,1,3,1
14,1,3,18
14,1,3,11
14,1,3,5
14,1,3,19
14,1,3,9
14,1,3,15
14,1,14,10
14,1,14,4
14,1,14,8
14,1,14,1
14,1,14,18
14,1,14,11
14,1,14,5
14,1,14,19
14,1,14,9
14,1,14,15
14,1,4,10
14,1,4,4
14,1,4,8
14,1,4,1
14,1,4,18
14,1,4,11
14,1,4,5
14,1,4,19
14,1,4,9
14,1,4,15
14,1,10,10
14,1,10,4
14,1,10,8
14,1,10,1
14,1,10,18
14,1,10,11
14,1,10,5
14,1,10,19
14,1,10,9
14,1,10,15
14,1,8,10
14,1,8,4
14,1,8,8
14,1,8,1
14,1,8,18
14,1,8,11
14,1,8,5
14,1,8,19
14,1,8,9
14,1,8,15
14,1,15,10
14,1,15,4
14,1,15,8
14,1,15,1
14,1,15,18
14,1,15,11
14,1,15,5
14,1,15,19
14,1,15,9
14,1,15,15
14,1,20,10
14,1,20,4
14,1,20,8
14,1,20,1
14,1,20,18
14,1,20,11
14,1,20,5
14,1,20,19
14,1,20,9
14,1,20,15
14,1,9,10
14,1,9,4
14,1,9,8
14,1,9,1
14,1,9,18
14,1,9,11
14,1,9,5
14,1,9,19
14,1,9,9
14,1,9,15
14,1,18,10
14,1,18,4
14,1,18,8
14,1,18,1
14,1,18,18
14,1,18,11
14,1,18,5
14,1,18,19
14,1,18,9
14,1,18,15
14,1,17,10
14,1,17,4
14,1,17,8
14,1,17,1
14,1,17,18
14,1,17,11
14,1,17,5
14,1,17,19
14,1,17,9
14,1,17,15
14,1,11,10
14,1,11,4
14,1,11,8
14,1,11,1
14,1,11,18
14,1,11,11
14,1,11,5
14,1,11,19
14,1,11,9
14,1,11,15
14,1,16,10
14,1,16,4
14,1,16,8
14,1,16,1
14,1,16,18
14,1,16,11
14,1,16,5
14,1,16,19
14,1,16,9
14,1,16,15
14,19,1,10
14,19,1,4
14,19,1,8
14,19,1,1
14,19,1,18
14,19,1,11
14,19,1,5
14,19,1,19
14,19,1,9
14,19,1,15
14,19,3,10
14,19,3,4
14,19,3,8
14,19,3,1
14,19,3,18
14,19,3,11
14,19,3,5
14,19,3,19
14,19,3,9
14,19,3,15
14,19,14,8
14,19,14,9
14,19,4,10
14,19,4,4
14,19,4,8
14,19,4,1
14,19,4,18
14,19,4,11
14,19,4,5
14,19,4,19
14,19,4,9
14,19,4,15
14,19,10,10
14,19,10,4
14,19,10,8
14,19,10,1
14,19,10,18
14,19,10,11
14,19,10,5
14,19,10,19
14,19,10,9
14,19,10,15
14,19,8,10
14,19,8,4
14,19,8,8
14,19,8,1
14,19,8,18
14,19,8,11
14,19,8,5
14,19,8,19
14,19,8,9
14,19,8,15
14,19,15,10
14,19,15,4
14,19,15,8
14,19,15,1
14,19,15,18
14,19,15,11
14,19,15,5
14,19,15,19
14,19,15,9
14,19,15,15
14,19,20,10
14,19,20,4
14,19,20,8
14,19,20,1
14,19,20,18
14,19,20,11
14,19,20,5
14,19,20,19
14,19,20,9
14,19,20,15
14,19,9,10
14,19,9,4
14,19,9,8
14,19,9,1
14,19,9,18
14,19,9,11
14,19,9,5
14,19,9,19
14,19,9,9
14,19,9,15
14,19,18,10
14,19,18,4
14,19,18,8
14,19,18,1
14,19,18,18
14,19,18,11
14,19,18,5
14,19,18,19
14,19,18,9
14,19,18,15
14,19,17,10
14,19,17,4
14,19,17,8
14,19,17,1
14,19,17,18
14,19,17,11
14,19,17,5
14,19,17,19
14,19,17,9
14,19,17,15
14,19,11,10
14,19,11,4
14,19,11,8
14,19,11,1
14,19,11,18
14,19,11,11
14,19,11,5
14,19,11,19
14,19,11,9
14,19,11,15
14,19,16,10
14,19,16,4
14,19,16,8
14,19,16,1
14,19,16,18
14,19,16,11
14,19,16,5
14,19,16,19
14,19,16,9
14,19,16,15
14,17,1,10
14,17,1,4
14,17,1,8
14,17,1,1
14,17,1,18
14,17,1,11
14,17,1,5
14,17,1,19
14,17,1,9
14,17,1,15
14,17,3,10
14,17,3,4
14,17,3,8
14,17,3,1
14,17,3,18
14,17,3,11
14,17,3,5
14,17,3,19
14,17,3,9
14,17,3,15
14,17,14,10
14,17,14,4
14,17,14,8
14,17,14,1
14,17,14,18
14,17,14,11
14,17,14,5
14,17,14,19
14,17,14,9
14,17,14,15
14,17,4,10
14,17,4,4
14,17,4,8
14,17,4,1
14,17,4,18
14,17,4,11
14,17,4,5
14,17,4,19
14,17,4,9
14,17,4,15
14,17,10,10
14,17,10,4
14,17,10,8
14,17,10,1
14,17,10,18
14,17,10,11
14,17,10,5
14,17,10,19
14,17,10,9
14,17,10,15
14,17,8,10
14,17,8,4
14,17,8,8
14,17,8,1
14,17,8,18
14,17,8,11
14,17,8,5
14,17,8,19
14,17,8,9
14,17,8,15
14,17,15,10
14,17,15,4
14,17,15,8
14,17,15,1
14,17,15,18
14,17,15,11
14,17,15,5
14,17,15,19
14,17,15,9
14,17,15,15
14,17,20,10
14,17,20,4
14,17,20,8
14,17,20,1
14,17,20,18
14,17,20,11
14,17,20,5
14,17,20,19
14,17,20,9
14,17,20,15
14,17,9,10
14,17,9,4
14,17,9,8
14,17,9,1
14,17,9,18
14,17,9,11
14,17,9,5
14,17,9,19
14,17,9,9
14,17,9,15
14,17,18,10
14,17,18,4
14,17,18,8
14,17,18,1
14,17,18,18
14,17,18,11
14,17,18,5
14,17,18,19
14,17,18,9
14,17,18,15
14,17,17,10
14,17,17,4
14,17,17,8
14,17,17,1
14,17,17,18
14,17,17,11
14,17,17,5
14,17,17,19
14,17,17,9
14,17,17,15
14,17,11,10
14,17,11,4
14,17,11,8
14,17,11,1
14,17,11,18
14,17,11,11
14,17,11,5
14,17,11,19
14,17,11,9
14,17,11,15
14,17,16,10
14,17,16,4
14,17,16,8
14,17,16,1
14,17,16,18
14,17,16,11
14,17,16,5
14,17,16,19
14,17,16,9
14,17,16,15
17,10,1,10
17,10,1,4
17,10,1,8
17,10,1,1
17,10,1,18
17,10,1,11
17,10,1,5
17,10,1,19
17,10,1,9
17,10,1,15
17,10,3,10
17,10,3,4
17,10,3,8
17,10,3,1
17,10,3,18
17,10,3,11
17,10,3,5
17,10,3,19
17,10,3,9
17,10,3,15
17,10,14,10
17,10,14,4
17,10,14,8
17,10,14,1
17,10,14,18
17,10,14,11
17,10,14,5
17,10,14,19
17,10,14,9
17,10,14,15
17,10,4,10
17,10,4,4
17,10,4,8
17,10,4,1
17,10,4,18
17,10,4,11
17,10,4,5
17,10,4,19
17,10,4,9
17,10,4,15
17,10,10,10
17,10,10,4
17,10,10,8
17,10,10,1
17,10,10,18
17,10,10,11
17,10,10,5
17,10,10,19
17,10,10,9
17,10,10,15
17,10,8,10
17,10,8,4
17,10,8,8
17,10,8,1
17,10,8,18
17,10,8,11
17,10,8,5
17,10,8,19
17,10,8,9
17,10,8,15
17,10,15,10
17,10,15,4
17,10,15,8
17,10,15,1
17,10,15,18
17,10,15,11
17,10,15,5
17,10,15,19
17,10,15,9
17,10,15,15
17,10,20,10
17,10,20,4
17,10,20,8
17,10,20,1
17,10,20,18
17,10,20,11
17,10,20,5
17,10,20,19
17,10,20,9
17,10,20,15
17,10,9,10
17,10,9,4
17,10,9,8
17,10,9,1
17,10,9,18
17,10,9,11
17,10,9,5
17,10,9,19
17,10,9,9
17,10,9,15
17,10,18,10
17,10,18,4
17,10,18,8
17,10,18,1
17,10,18,18
17,10,18,11
17,10,18,5
17,10,18,19
17,10,18,9
17,10,18,15
17,10,17,10
17,10,17,4
17,10,17,8
17,10,17,1
17,10,17,18
17,10,17,11
17,10,17,5
17,10,17,19
17,10,17,9
17,10,17,15
17,10,11,10
17,10,11,4
17,10,11,8
17,10,11,1
17,10,11,18
17,10,11,11
17,10,11,5
17,10,11,19
17,10,11,9
17,10,11,15
17,10,16,10
17,10,16,4
17,10,16,8
17,10,16,1
17,10,16,18
17,10,16,11
17,10,16,5
17,10,16,19
17,10,16,9
17,10,16,15
17,8,1,10
17,8,1,4
17,8,1,8
17,8,1,1
17,8,1,18
17,8,1,11
17,8,1,5
17,8,1,19
17,8,1,9
17,8,1,15
17,8,3,10
17,8,3,4
17,8,3,8
17,8,3,1
17,8,3,18
17,8,3,11
17,8,3,5
17,8,3,19
17,8,3,9
17,8,3,15
17,8,14,10
17,8,14,4
17,8,14,8
17,8,14,1
17,8,14,18
17,8,14,11
17,8,14,5
17,8,14,19
17,8,14,9
17,8,14,15
17,8,4,10
17,8,4,4
17,8,4,8
17,8,4,1
17,8,4,18
17,8,4,11
17,8,4,5
17,8,4,19
17,8,4,9
17,8,4,15
17,8,10,10
17,8,10,4
17,8,10,8
17,8,10,1
17,8,10,18
17,8,10,11
17,8,10,5
17,8,10,19
17,8,10,9
17,8,10,15
17,8,8,10
17,8,8,4
17,8,8,8
17,8,8,1
17,8,8,18
17,8,8,11
17,8,8,5
17,8,8,19
17,8,8,9
17,8,8,15
17,8,15,10
17,8,15,4
17,8,15,8
17,8,15,1
17,8,15,18
17,8,15,11
17,8,15,5
17,8,15,19
17,8,15,9
17,8,15,15
17,8,20,10
17,8,20,4
17,8,20,8
17,8,20,1
17,8,20,18
17,8,20,11
17,8,20,5
17,8,20,19
17,8,20,9
17,8,20,15
17,8,9,10
17,8,9,4
17,8,9,8
17,8,9,1
17,8,9,18
17,8,9,11
17,8,9,5
17,8,9,19
17,8,9,9
17,8,9,15
17,8,18,10
17,8,18,4
17,8,18,8
17,8,18,1
17,8,18,18
17,8,18,11
17,8,18,5
17,8,18,19
17,8,18,9
17,8,18,15
17,8,17,10
17,8,17,4
17,8,17,8
17,8,17,1
17,8,17,18
17,8,17,11
17,8,17,5
17,8,17,19
17,8,17,9
17,8,17,15
17,8,11,10
17,8,11,4
17,8,11,8
17,8,11,1
17,8,11,18
17,8,11,11
17,8,11,5
17,8,11,19
17,8,11,9
17,8,11,15
17,8,16,10
17,8,16,4
17,8,16,8
17,8,16,1
17,8,16,18
17,8,16,11
17,8,16,5
17,8,16,19
17,8,16,9
17,8,16,15
17,18,1,10
17,18,1,4
17,18,1,8
17,18,1,1
17,18,1,18
17,18,1,11
17,18,1,5
17,18,1,19
17,18,1,9
17,18,1,15
17,18,3,10
17,18,3,4
17,18,3,8
17,18,3,1
17,18,3,18
17,18,3,11
17,18,3,5
17,18,3,19
17,18,3,9
17,18,3,15
17,18,14,4
17,18,14,8
17,18,14,1
17,18,14,18
17,18,14,11
17,18,14,5
17,18,14,19
17,18,14,9
17,18,14,15
17,18,4,10
17,18,4,4
17,18,4,8
17,18,4,1
17,18,4,18
17,18,4,11
17,18,4,5
17,18,4,19
17,18,4,9
17,18,4,15
17,18,10,10
17,18,10,4
17,18,10,8
17,18,10,1
17,18,10,18
17,18,10,11
17,18,10,5
17,18,10,19
17,18,10,9
17,18,10,15
17,18,8,10
17,18,8,4
17,18,8,8
17,18,8,1
17,18,8,18
17,18,8,11
17,18,8,5
17,18,8,19
17,18,8,9
17,18,8,15
17,18,15,10
17,18,15,4
17,18,15,8
17,18,15,18
17,18,15,11
17,18,15,5
17,18,15,19
17,18,15,9
17,18,20,10
17,18,20,4
17,18,20,8
17,18,20,1
17,18,20,18
17,18,20,11
17,18,20,5
17,18,20,19
17,18,20,9
17,18,20,15
17,18,9,10
17,18,9,4
17,18,9,8
17,18,9,1
17,18,9,18
17,18,9,11
17,18,9,5
17,18,9,19
17,18,9,9
17,18,9,15
17,18,18,10
17,18,18,4
17,18,18,8
17,18,18,1
17,18,18,18
17,18,18,11
17,18,18,5
17,18,18,19
17,18,18,9
17,18,18,15
17,18,17,10
17,18,17,4
17,18,17,8
17,18,17,1
17,18,17,18
17,18,17,11
17,18,17,5
17,18,17,19
17,18,17,9
17,18,17,15
17,18,11,10
17,18,11,4
17,18,11,8
17,18,11,1
17,18,11,18
17,18,11,11
17,18,11,5
17,18,11,19
17,18,11,9
17,18,11,15
17,18,16,10
17,18,16,4
17,18,16,8
17,18,16,1
17,18,16,18
17,18,16,11
17,18,16,5
17,18,16,19
17,18,16,9
17,18,16,15
17,1,1,10
17,1,1,4
17,1,1,8
17,1,1,1
17,1,1,18
17,1,1,11
17,1,1,5
17,1,1,19
17,1,1,9
17,1,1,15
17,1,3,10
17,1,3,4
17,1,3,8
17,1,3,1
17,1,3,18
17,1,3,11
17,1,3,5
17,1,3,19
17,1,3,9
17,1,3,15
17,1,14,10
17,1,14,4
17,1,14,8
17,1,14,1
17,1,14,18
17,1,14,11
17,1,14,5
17,1,14,19
17,1,14,9
17,1,14,15
17,1,4,10
17,1,4,4
17,1,4,8
17,1,4,1
17,1,4,18
17,1,4,11
17,1,4,5
17,1,4,19
17,1,4,9
17,1,4,15
17,1,10,10
17,1,10,4
17,1,10,8
17,1,10,1
17,1,10,18
17,1,10,11
17,1,10,5
17,1,10,19
17,1,10,9
17,1,10,15
17,1,8,10
17,1,8,4
17,1,8,8
17,1,8,1
17,1,8,18
17,1,8,11
17,1,8,5
17,1,8,19
17,1,8,9
17,1,8,15
17,1,15,10
17,1,15,4
17,1,15,8
17,1,15,1
17,1,15,18
17,1,15,11
17,1,15,5
17,1,15,19
17,1,15,9
17,1,15,15
17,1,20,10
17,1,20,4
17,1,20,8
17,1,20,1
17,1,20,18
17,1,20,11
17,1,20,5
17,1,20,19
17,1,20,9
17,1,20,15
17,1,9,10
17,1,9,4
17,1,9,8
17,1,9,1
17,1,9,18
17,1,9,11
17,1,9,5
17,1,9,19
17,1,9,9
17,1,9,15
17,1,18,10
17,1,18,4
17,1,18,8
17,1,18,1
17,1,18,18
17,1,18,11
17,1,18,5
17,1,18,19
17,1,18,9
17,1,18,15
17,1,17,10
17,1,17,4
17,1,17,8
17,1,17,1
17,1,17,18
17,1,17,11
17,1,17,5
17,1,17,19
17,1,17,9
17,1,17,15
17,1,11,10
17,1,11,4
17,1,11,8
17,1,11,1
17,1,11,18
17,1,11,11
17,1,11,5
17,1,11,19
17,1,11,9
17,1,11,15
17,1,16,10
17,1,16,4
17,1,16,8
17,1,16,1
17,1,16,18
17,1,16,11
17,1,16,5
17,1,16,19
17,1,16,9
17,1,16,15
17,19,1,10
17,19,1,4
17,19,1,8
17,19,1,1
17,19,1,18
17,19,1,11
17,19,1,5
17,19,1,19
17,19,1,9
17,19,1,15
17,19,3,10
17,19,3,4
17,19,3,8
17,19,3,1
17,19,3,18
17,19,3,11
17,19,3,5
17,19,3,19
17,19,3,9
17,19,3,15
17,19,14,9
17,19,4,10
17,19,4,4
17,19,4,8
17,19,4,1
17,19,4,18
17,19,4,11
17,19,4,5
17,19,4,19
17,19,4,9
17,19,4,15
17,19,10,10
17,19,10,4
17,19,10,8
17,19,10,1
17,19,10,18
17,19,10,11
17,19,10,5
17,19,10,19
17,19,10,9
17,19,10,15
17,19,8,10
17,19,8,4
17,19,8,8
17,19,8,1
17,19,8,18
17,19,8,11
17,19,8,5
17,19,8,19
17,19,8,9
17,19,8,15
17,19,15,10
17,19,15,4
17,19,15,8
17,19,15,1
17,19,15,18
17,19,15,11
17,19,15,5
17,19,15,19
17,19,15,9
17,19,15,15
17,19,20,10
17,19,20,4
17,19,20,8
17,19,20,1
17,19,20,18
17,19,20,11
17,19,20,5
17,19,20,19
17,19,20,9
17,19,20,15
17,19,9,10
17,19,9,4
17,19,9,8
17,19,9,1
17,19,9,18
17,19,9,11
17,19,9,5
17,19,9,19
17,19,9,9
17,19,9,15
17,19,18,10
17,19,18,4
17,19,18,8
17,19,18,1
17,19,18,18
17,19,18,11
17,19,18,5
17,19,18,19
17,19,18,9
17,19,18,15
17,19,17,10
17,19,17,4
17,19,17,8
17,19,17,1
17,19,17,18
17,19,17,11
17,19,17,5
17,19,17,19
17,19,17,9
17,19,17,15
17,19,11,10
17,19,11,4
17,19,11,8
17,19,11,1
17,19,11,18
17,19,11,11
17,19,11,5
17,19,11,19
17,19,11,9
17,19,11,15
17,19,16,10
17,19,16,4
17,19,16,8
17,19,16,1
17,19,16,18
17,19,16,11
17,19,16,5
17,19,16,19
17,19,16,9
17,19,16,15
17,17,1,10
17,17,1,4
17,17,1,8
17,17,1,1
17,17,1,18
17,17,1,11
17,17,1,5
17,17,1,19
17,17,1,9
17,17,1,15
17,17,3,10
17,17,3,4
17,17,3,8
17,17,3,1
17,17,3,18
17,17,3,11
17,17,3,5
17,17,3,19
17,17,3,9
17,17,3,15
17,17,14,10
17,17,14,4
17,17,14,8
17,17,14,1
17,17,14,18
17,17,14,11
17,17,14,5
17,17,14,19
17,17,14,9
17,17,14,15
17,17,4,10
17,17,4,4
17,17,4,8
17,17,4,1
17,17,4,18
17,17,4,11
17,17,4,5
17,17,4,19
17,17,4,9
17,17,4,15
17,17,10,10
17,17,10,4
17,17,10,8
17,17,10,1
17,17,10,18
17,17,10,11
17,17,10,5
17,17,10,19
17,17,10,9
17,17,10,15
17,17,8,10
17,17,8,4
17,17,8,8
17,17,8,1
17,17,8,18
17,17,8,11
17,17,8,5
17,17,8,19
17,17,8,9
17,17,8,15
17,17,15,10
17,17,15,4
17,17,15,8
17,17,15,1
17,17,15,18
17,17,15,11
17,17,15,5
17,17,15,19
17,17,15,9
17,17,15,15
17,17,20,10
17,17,20,4
17,17,20,8
17,17,20,1
17,17,20,18
17,17,20,11
17,17,20,5
17,17,20,19
17,17,20,9
17,17,20,15
17,17,9,10
17,17,9,4
17,17,9,8
17,17,9,1
17,17,9,18
17,17,9,11
17,17,9,5
17,17,9,19
17,17,9,9
17,17,9,15
17,17,18,10
17,17,18,4
17,17,18,8
17,17,18,1
17,17,18,18
17,17,18,11
17,17,18,5
17,17,18,19
17,17,18,9
17,17,18,15
17,17,17,10
17,17,17,4
17,17,17,8
17,17,17,1
17,17,17,18
17,17,17,11
17,17,17,5
17,17,17,19
17,17,17,9
17,17,17,15
17,17,11,10
17,17,11,4
17,17,11,8
17,17,11,1
17,17,11,18
17,17,11,11
17,17,11,5
17,17,11,19
17,17,11,9
17,17,11,15
17,17,16,10
17,17,16,4
17,17,16,8
17,17,16,1
17,17,16,18
17,17,16,11
17,17,16,5
17,17,16,19
17,17,16,9
17,17,16,15
